Eigvals	23
1.09306719788	0.664398278288	0.425064226528	0.279755792635	0.262440445282	0.21753999478	0.197959442147	0.163266047032	0.121256782859	0.102280791716	0.098296432041	0.0766249968338	0.0676823708087	0.0493263305984	0.0371666831991	0.031763525743	0.0291264919707	0.011205786749	0.0	0.0	0.0	0.0	0.0

Proportion explained	23
0.278260063823	0.169134621987	0.108207801891	0.0712169067594	0.0668089713014	0.0553787479385	0.0503941634263	0.0415623309849	0.0308681114964	0.0260374290674	0.0250231381074	0.0195062815449	0.0172297740316	0.0125569113473	0.00946145274425	0.00808598109761	0.00741467636244	0.00285263608862	0.0	0.0	0.0	0.0	0.0

Species	0	0

Site	23	23
137	-0.173775279402	0.392380228519	0.0350962718211	-0.00730487700033	0.154015815436	-0.160040103274	0.18947028105	-0.0481629871908	0.0227245316131	-0.104223109837	0.00359594893676	-0.0516506571648	-0.0105322568261	-0.0184219459703	0.0355240569918	0.0169759679089	-0.0210419576956	-0.0197301723281	0.0	0.0	0.0	0.0	0.0
161	0.0642173623828	0.035915901025	0.248955217843	0.0597044123396	0.12367505163	0.0553941125253	-0.0377828299727	-0.0128833722538	-0.0483803991692	0.0854564056173	-0.0729953867756	0.0523249103337	-0.022663579525	0.0387705068275	-0.0242810036783	0.101998635485	-0.00302635347863	-0.0215723411467	0.0	0.0	0.0	0.0	0.0
163	-0.0392946759764	-0.169885800013	0.0532757491352	0.050109877133	-0.0644481596493	0.189667038289	0.0761227519447	-0.0703550145229	0.0714139450933	-0.0772491428148	0.0060873688022	0.0129796584468	0.0926259890806	-0.0182742294547	-0.0113786819207	-0.0173422879214	-0.00726182530598	-0.0136645295324	0.0	0.0	0.0	0.0	0.0
165	0.219368313368	-0.00366405985008	0.170221147179	0.00976014521461	-0.0871778495728	0.116708464582	0.0708286327759	0.0820620593678	0.154878590758	-0.0640266716973	-0.0514597465979	-0.0150923115989	-0.00531162476123	-0.0361830725704	0.0367689833936	0.0430504591949	0.0262704064632	0.0294487969743	0.0	0.0	0.0	0.0	0.0
171	-0.248606906137	0.311989248101	-0.159383244125	-0.148966195887	0.0815140575727	0.177480149774	0.00114471933242	0.0127148773039	-0.0915164549927	-0.0370549075397	-0.0307012025362	0.10584612019	0.0640971267443	-0.0126980715576	-0.0243345316916	-0.00725804954658	0.0312030378012	0.0187669623549	0.0	0.0	0.0	0.0	0.0
172	-0.119919494069	0.00897326926158	-0.0674227404991	-0.0736341745618	-0.246777717727	0.0259780735921	0.0113580898192	-0.170745547948	-0.11602757188	0.0237544608016	0.0134544144051	-0.0358522969466	-0.0230917899525	-0.0197682288119	0.0533982406386	0.0150065043696	0.00246361350659	-0.0183727176788	0.0	0.0	0.0	0.0	0.0
180.1	-0.057607040539	-0.227602981371	-0.198776852501	0.0641761349996	0.0639222546371	0.000176433259912	-0.0285783329802	0.12764788596	-0.0170505367091	-0.0820475533345	0.140927615932	0.0202432075528	-0.060064564908	-0.0229206476669	0.0162597605694	0.0423828357782	0.0680291130043	-0.0297692549586	0.0	0.0	0.0	0.0	0.0
181	0.0737370339757	-0.0512728430615	0.192701023374	0.0264491349316	-0.0666859663323	-0.0946185684603	-0.0802288729814	0.076310188685	-0.0270339786592	-0.0752114614771	-0.0129033038051	0.0441376428459	0.0644512140971	-0.00617550267608	0.0271198946268	-0.0711160429619	-0.0183605047512	-0.0211080488014	0.0	0.0	0.0	0.0	0.0
202	0.260036549758	0.0953902988572	-0.151848024743	0.0393192667254	0.067652556518	-0.0713457346318	-0.138199148684	-0.0714706630851	0.0913708076706	0.0523195374518	0.0615954368643	0.0146655666092	0.126033661895	0.0427742999311	-0.0104004154035	0.0083647127384	0.00981436832004	-0.0128459651052	0.0	0.0	0.0	0.0	0.0
208	0.376075488957	-0.0237179704536	-0.0884594324417	-0.0297367168684	0.0598916830275	-0.0493082841135	-0.0255411644237	-0.0519512841357	-0.0280027773338	0.0292222860599	0.0401357244847	-0.0506048268434	0.0562337743152	-0.0165570961574	0.0697036184537	0.0359753431947	-0.0216537438055	0.0299575671119	0.0	0.0	0.0	0.0	0.0
216	0.337993731822	-0.0325813452475	-0.00591220398534	-0.196961410603	-0.00635640404374	-0.0061703065034	0.171923645089	-0.0623366213278	0.0899770157701	0.0862207980292	0.0791111676432	0.0924352424882	-0.0813747666208	0.00485746519512	-0.0370763227291	-0.0386760410833	-0.00933031961278	-0.0131184135727	0.0	0.0	0.0	0.0	0.0
26	0.287424518187	-0.0956916923402	-0.0329521817974	0.204665192583	0.0938942770121	-0.0481414471618	0.123187793144	-0.00419985671174	-0.109135188916	0.0633863545511	-0.116825210235	0.00506793857762	0.00044825020249	-0.0390509853769	0.00526205348166	-0.0577241016793	0.0624088171533	-0.00166620721696	0.0	0.0	0.0	0.0	0.0
29	0.42440086178	0.0213160262718	-0.160530696195	-0.146633349683	0.00726753529062	0.0561153989559	-0.0533975671924	0.119435836673	-0.0647918890143	-0.0922057980504	-0.0805994312605	-0.0840638722786	-0.0486942494776	0.0547769392978	-0.0365284467358	-0.0102670186098	-0.0446829257134	-0.00653347564726	0.0	0.0	0.0	0.0	0.0
33	-0.029887374829	0.28682984516	0.0146665692064	0.0980297255216	-0.178249781196	-0.105990087254	0.00387152388559	0.103505941607	0.00250639504186	0.0534266916716	0.0622580437044	-0.0496569297686	0.0118194030346	-0.0504229180659	-0.0975135332156	0.00675962918309	0.0153669232374	0.0241309062529	0.0	0.0	0.0	0.0	0.0
36	-0.274020319646	0.0976830746468	-0.156045835338	0.050886170831	-0.0614315859272	0.0214510166997	0.00202059210775	0.181992757436	0.0683322942103	0.134377906341	-0.0440315787549	0.0461537883601	-0.0171738982175	0.0193754992022	0.0838159956183	-0.0156288108073	-0.0464624793711	-0.00833303131801	0.0	0.0	0.0	0.0	0.0
38	-0.21422429018	-0.196687369059	0.032156101723	-0.0650051584756	0.0786888719188	0.0126274157784	-0.0501021423817	0.0140179250091	0.0113428364702	0.0457776302685	-0.0249390716893	-0.0590974464589	0.0267767137988	-0.109482931301	-0.0515816868295	0.0065390908819	-0.0548671175981	-0.036173500197	0.0	0.0	0.0	0.0	0.0
43	0.035852005103	0.0701461662169	0.0705952871426	-0.0508648081129	-0.200998884573	-0.127924449853	-0.139694755114	-0.0530404327245	0.00769861824747	-0.0512451912649	-0.069061910599	0.0701818683959	-0.0429008289817	0.00776182421846	-0.00099751053465	0.0177848973698	0.0309534852069	-0.0119641572993	0.0	0.0	0.0	0.0	0.0
51	-0.140257009799	0.177550309856	0.0279475632713	0.153138894479	0.0459578460779	0.147093284994	-0.0936501209893	-0.0927538554362	0.0780509698528	0.0102114053073	0.0134102765526	-0.0999886921023	-0.070656238444	0.0701391454546	-0.00780958031777	-0.0526581253437	0.0258182332924	-0.0133730894442	0.0	0.0	0.0	0.0	0.0
55	-0.00698032934458	0.0260551153542	0.251133013335	0.0198709496319	0.127114050176	0.0232617448138	-0.125793681761	-0.00429423710476	-0.0701473163492	-0.019545746105	0.115754707595	0.0490894105687	-0.0621625570621	-0.0262326487568	0.0231193478946	-0.0367688100004	-0.0364056206386	0.0339666179713	0.0	0.0	0.0	0.0	0.0
57	-0.292845995969	-0.244189015474	0.0416272343255	0.0207451607255	-0.00526979755645	-0.133801774874	0.115134895273	0.0205661325098	-0.0118760980468	-0.0445779584536	0.00280364596062	0.0241284411357	0.0391915009742	0.121180272375	-0.0311444548185	0.00694896346133	-0.0134497008704	0.0129032573885	0.0	0.0	0.0	0.0	0.0
59	-0.135557664512	-0.178303496334	-0.246699074007	0.162249759686	0.0106923401948	-0.0366622057159	-0.030359058794	-0.121626727337	0.0423189932224	-0.0459438324581	-0.0602852539152	0.0458107238067	-0.0625112714014	-0.0279745680108	-0.0282302208834	0.0129274042969	-0.0502603288125	0.0389501990458	0.0	0.0	0.0	0.0	0.0
61	-0.0481635051383	-0.10642023635	0.0758095493078	0.0179752872638	-0.0932186846084	0.0918775346921	0.101455147609	0.0312066779512	-0.111100868774	0.054646144166	0.0778309452141	-0.0626526195773	0.0267011916857	0.0450824984543	-0.000999967695165	0.0117349850488	-0.0108225323988	0.014048991066	0.0	0.0	0.0	0.0	0.0
74	-0.297965979791	-0.194212673717	0.0538455579699	-0.257973420874	0.0963284916946	-0.0838277061144	-0.0631903967557	-0.00563968272336	0.0544480818946	0.0545317527669	-0.0531631999268	-0.0744048665723	-0.00124119964983	-0.000555604580137	0.0113044047851	-0.0190101409578	0.0652974120672	0.0260516060808	0.0	0.0	0.0	0.0	0.0

Biplot	0	0

Site constraints	0	0
