Eigvals	49
1.02390196426	0.733941122657	0.669471590864	0.577839123818	0.48145925183	0.416833080936	0.377448959429	0.337881057217	0.305941363932	0.285037951095	0.237889162055	0.220251718744	0.205623392383	0.194864053841	0.186597651698	0.166426135729	0.15717334664	0.149336562642	0.14361720672	0.131648497347	0.123853582944	0.113637801313	0.104593171896	0.100399930953	0.0945583736508	0.0850039698171	0.078510411228	0.0747259199347	0.0628219927069	0.0583805044813	0.0540270540098	0.0514459345645	0.0514313791415	0.0444413299893	0.0380808999403	0.036746750792	0.0313796024394	0.0280549600811	0.023229207679	0.0199623871936	0.0157583353184	0.0144039396077	0.00576268574716	0.00136007741581	0.0010866448345	0.0	0.0	0.0	0.0

Proportion explained	49
0.123111898166	0.0882475939171	0.0804959080038	0.0694782057769	0.0578896851962	0.0501191653147	0.0453836983212	0.0406261339079	0.0367857698844	0.0342723858668	0.0286033109772	0.0264826205198	0.0247237401894	0.0234300591172	0.022436123668	0.0200107414473	0.0188982048297	0.0179559257959	0.017268242025	0.0158291486538	0.0148919039354	0.0136635790452	0.0125760711248	0.0120718843277	0.0113695073103	0.0102207051468	0.00943993281537	0.00898489324812	0.00755358915085	0.00701955360328	0.00649610353694	0.00618575496315	0.00618400484857	0.00534353549756	0.00457877027214	0.00441835488101	0.00377301983478	0.00337327157202	0.00279303287824	0.00240023700035	0.0018947503186	0.00173190052182	0.000692893661342	0.000163532953504	0.000130655973792	0.0	0.0	0.0	0.0

Species	0	0

Site	49	49
137	-0.256640996199	-0.200583366989	0.0705044299961	-0.105671844069	0.136024316242	-0.105612936835	0.0314348723516	-0.0327166638553	0.113622398371	-0.0987266030954	0.0177939376369	-0.0462892929111	0.0554628763386	0.0282203341419	-0.0851348503671	-0.0275698642692	-0.0481698505094	0.0494620571422	0.0289132214944	-0.0107486572299	-0.0292238392416	-0.128754693451	0.0183045641987	0.0562056340678	0.0256873985731	-0.0786895142333	-0.00814810328925	-0.0036925231928	-0.00363114170014	-0.000234326511332	-0.042919959438	0.0256071927962	0.0440601812231	0.000390405926135	0.0223042510945	0.00710592539591	-0.0348245367341	-0.00750008870638	-0.0183260892515	0.0401157624821	0.0140432718194	0.0117468096539	-0.0121908828477	-0.00212743168282	-0.00153925655626	0.0	0.0	0.0	0.0
138	-0.00672417125197	-0.119668405708	-0.0288544599821	-0.021499106284	0.0249254201509	-0.192075545865	0.108790221977	0.243234384188	0.20040313232	0.119286627097	0.0577057739973	-0.0660926244366	0.0419208404939	0.0825143813999	0.0868789959196	0.0267741025236	0.0509645274705	0.0387194615027	-0.00502031144036	-0.0748443467479	0.0344291967029	0.00375378343055	0.00900750988561	-0.0731099500391	0.00366013370014	0.00366813318799	-0.00763077928022	0.081907333385	0.0240098915416	0.0134893170097	-0.0149075610093	-0.0582066608918	0.0167784480032	-0.00827628587134	-0.00285306392052	0.00836855948799	0.0271562442436	0.0020801261392	0.00797912999633	-0.00290367003857	-0.00476549862365	-0.00288922471729	0.000847110186618	0.00152796711281	-0.000383287173676	0.0	0.0	0.0	0.0
161	0.109189433036	0.0954581725042	-0.205936705411	-0.18422116677	-0.0555372738627	-0.147702008716	-0.0854966037942	0.0189715686163	0.0376623376936	0.0318976687455	-0.0728159769902	0.00399143389086	-0.0178631904937	0.0311960792522	-0.00675253890123	0.109638235594	-0.0139823572946	0.0277758211421	0.019964768853	0.0792155890404	0.00261430192897	-0.0208214049156	0.0206225736913	0.00154650835635	0.0215605665046	0.0330201501708	-0.0760753280749	-0.0545016917383	-0.0121933742487	-0.0160129334228	0.00687712289778	0.0331351698418	-0.0224533025991	0.0198246677219	-0.00899283116852	0.009388222121	0.0148280156323	0.0446263748019	-0.025823720918	0.0314539178474	0.00531049108534	0.0259963519613	0.0197099607715	0.00541291280983	-0.00637831565922	0.0	0.0	0.0	0.0
162	0.105380045268	0.0976032254764	-0.0150527220391	-0.0652138307079	-0.0568948968368	-0.03841410622	0.0819122439586	-0.0501702562063	-0.00191044786727	0.00581694646147	-0.0784845773495	0.0744324230657	0.0625059071481	0.0601596872994	0.0142934638371	0.0336245971663	-0.16456496955	0.0138228511108	0.0194249630658	-0.0391573518663	0.0136510494305	-0.010225331634	-0.0326930082723	0.0567949042591	0.0522707886536	0.0249562378267	-0.00085260716985	0.0208098866578	0.0295430336826	0.00926774998141	-0.0526788661618	0.00592779391371	-0.0133406982712	-0.0338698831442	-0.00476332491207	0.00523432408565	0.00906551327664	0.0383301762723	0.00531449248495	-0.0124205694691	-0.00764461217963	-0.055782233866	0.0100613689633	0.00321761037318	-0.00116288938519	0.0	0.0	0.0	0.0
163	0.0194157910123	0.0186152956389	0.054917035853	0.0856055795185	-0.0279235768411	-0.0919731383882	-0.0378805937571	-0.0139080288903	0.143592745425	0.0161873486112	-0.0980596497148	-0.0280786336304	0.00312066891998	-0.0484875450259	-0.0381099649986	-0.0446804571199	-0.0391164606184	0.0114672095009	0.0188402028956	-0.0887286224926	0.018661541247	0.129525646842	0.00167646530554	0.0285458622625	0.064415938332	-0.00661413077235	-0.0304105294331	-0.0584604939086	-0.00504455106301	-0.0449802483312	0.039748725035	0.00497380991485	-0.0066162232067	0.0494058158809	-0.0316735540682	-0.00969986440679	0.00565347984606	-0.0658549482728	0.0102392999445	0.031475073988	-0.0145547780526	-0.0105216743549	0.00363115763871	-0.00689003510348	-0.00380428777327	0.0	0.0	0.0	0.0
164	0.108918087201	0.041006239441	0.0906534460037	-0.0364394532413	0.0325361938822	0.0719690518757	-0.00224798299926	0.0260144615622	-0.0600589522912	0.0636931687943	-0.0834974086218	-0.0561740950241	-0.0323400169532	-0.00641073489812	0.0813170847074	-0.0220449642311	0.0127026819916	-0.0147248195457	0.00801155929863	-0.0795483475206	-0.0261986044202	-0.0226076899789	0.0150477156189	0.0439304822682	0.0298767838778	0.0184638234395	0.0701660754057	0.0351064672483	0.00274501467755	0.00825728177157	0.0156709053876	0.0182022116644	-0.0387373116506	-0.00581454922167	0.0300332941771	-0.0295456513079	0.0489064790092	-0.00161168199535	-0.0326355048082	0.00579869395554	-0.00194345763963	0.0493318478415	-0.00837356988701	0.00555554771517	-0.00665667327161	0.0	0.0	0.0	0.0
165	0.057459363749	-0.041860312252	0.0978413844046	-0.00108676779303	0.0049528951048	0.116706885703	-0.00480738099324	0.0825784279867	0.0663061516217	-0.0815402000958	-0.0778953760485	0.115551445478	-0.0401661109499	-0.0825517639097	-0.0350489978515	-0.0178021278219	-0.139662684935	-0.128039170008	0.0113788758412	0.0304121197458	0.0524430786477	-0.0183746538173	0.0438539715477	-0.0183165176207	-0.0015536726472	0.0285232610873	-0.00668052629865	0.0419340609439	0.00303089151484	0.0513514793979	-0.039839136602	0.00173531506735	0.05782336342	0.0126610840058	0.0148420445072	0.00213600320072	0.0374718969976	-0.0293040851974	0.0246531851397	-0.0125537188247	0.0200114639848	0.0140929769077	0.00572481231489	-0.00131666204477	-0.0059228686287	0.0	0.0	0.0	0.0
167	0.029250979537	-0.186801189039	0.000290334057601	-0.008280589358	0.0108621124485	-0.264417083963	-0.0113860750615	0.244144805955	-0.155763421857	0.0215582440887	-0.0659263507887	0.0354935119528	-0.0587549058418	-0.107262381101	-0.0342612275922	0.00410959099437	0.0476081612577	-0.0860787574797	0.0039116758293	0.00467893079865	0.0173907317609	0.00260709907406	-0.00428595983972	0.0436347919802	-0.0597184373444	-0.0287249471037	0.0563385796942	-0.0180948987638	-0.0233028245961	-0.00814803548977	0.0103763528428	0.0592378561026	0.00127303839072	-0.0365048239052	0.00263261129024	0.0198823239165	-0.0245097379339	0.010167121606	0.00481930181125	-0.0101859689586	-0.0210308716546	-0.0124775157725	0.00588893193455	-0.00514433517174	-0.00129020391732	0.0	0.0	0.0	0.0
168	0.111446975855	-0.544823415487	-0.499042956581	0.188072431745	-0.0523217860803	0.147019536554	0.0333831699697	-0.0974873934077	-0.0111045049994	0.0553601829241	-0.0195637271036	-0.0139547376806	0.021721505195	-0.0130321260264	0.0192144896356	0.0128534762935	-0.0170754534777	0.00386426156724	0.0150533342232	-0.00445078024262	-0.00149065980886	0.0169453497896	0.00100606385092	0.0209869844779	0.0144776251752	-0.00228842430987	0.0139619606057	0.00400141592788	0.00746368491398	0.0090665733025	0.000799476447648	0.00571490387406	0.00230296420045	0.00278473793788	0.00062606567917	5.85662276784e-05	-0.000920651140292	-0.00425909453885	-0.00464448927192	-0.00159798524011	0.00151336477001	0.00146762127821	0.000239939457483	0.000642770111915	6.90867223722e-05	0.0	0.0	0.0	0.0
169	-0.133079795831	-0.161075888266	0.0363207398835	-0.139547220365	0.261990207339	0.0148011218465	-0.0187599379128	-0.0521883412619	-0.0285509001003	0.0657846059006	-0.04462065853	-0.0120037396477	0.0950471632087	-0.0515540926123	-0.042223261159	-0.0747542235878	-0.0515319663257	-0.0387835935596	-0.0263407626547	-0.0342737361611	-0.0166262564288	-0.0229222866362	0.0405162341892	-0.1337514237	-0.0238934606315	0.064243041093	-0.0631922264583	-0.0540413881612	-0.0151875233475	-0.0281757529808	0.0182362982111	-0.0194254188987	-0.071381841306	-0.0248984091086	0.0296745029251	-0.0233994199896	-0.00705059191871	0.0134632038699	0.0146273824229	-0.0199501066706	-0.00668311684259	-0.00465203471905	4.11409968671e-05	-0.000713196524331	-0.000427978173339	0.0	0.0	0.0	0.0
170	-0.140747716553	0.0216008598137	0.0551882697414	0.118497299535	0.0172098567054	0.0449824004911	0.165954467899	0.033140215204	0.0226802444814	-0.0228914386207	-0.0873408691782	0.0111364373019	-0.108641534592	-0.075957875137	0.0932979992737	0.0384612899943	-0.0428136122006	0.0978472704571	0.118845335831	0.0648839765592	-0.082452623607	0.0278803970442	-0.00899033156107	0.00929104740547	-0.116384056429	0.054928639088	0.00787278083146	0.00183829639188	-0.0229304095099	-0.048326092551	-0.0217916437889	-0.0641077215377	0.000898689354481	0.0136958544619	0.0166842343024	-0.0174067722534	-0.0176500612941	0.0132229034505	-0.00679783361991	0.0170348121708	0.00261022551573	-0.000310231977087	-0.00159807805105	-0.0039442631067	-0.00235750807892	0.0	0.0	0.0	0.0
171	-0.243607088146	-0.168630183044	0.120385041277	-0.0871204879872	0.0742658458696	-0.0428805248372	-0.0142314768646	-0.122754047729	-0.00467732264226	-0.0794836300503	-0.102225857681	0.0390951735737	-0.0477820859115	0.0762858759738	-0.0613640523099	-0.00717181576317	0.011981244236	0.0604153237801	0.0117059344933	0.0292125901521	0.0193513620403	0.0104217503956	-0.0409556939394	0.0409849283531	0.000358451839078	-0.0730182346248	0.0450721238546	0.0466222982107	-0.0126685779963	-0.0394656781504	0.0358210647233	-0.0385475568341	-0.026005972269	0.0245785757847	-0.0386038772485	0.00774799316302	0.0459598046844	0.0137697741303	0.000474893627354	-0.0518735579848	-0.00816090519671	0.00582603352389	0.015744415405	0.00160070137884	0.00330338988893	0.0	0.0	0.0	0.0
172	-0.0461455578132	0.0249332468271	0.00655755031399	0.164523052234	-0.0753755397065	-0.037860201116	0.198981389552	-0.0277862777906	-0.122593496999	0.0269439179636	-0.0397537077757	0.209525844795	-0.112247224882	0.104852656429	-0.0577550393655	-0.0376998244728	0.0392978594154	0.0672124872314	-0.138067283483	-0.062941677614	0.0717083587384	-0.0505363045568	0.0332727675397	-0.0356862450358	0.00164415980346	-0.0059434742041	-0.0255564865544	-0.0305581879382	-0.0022429230739	0.0129135981673	0.0165213902755	-0.0169989932982	-0.00468120969649	0.0155559900496	0.0227999243274	0.00415868583956	-0.00138405330493	0.0040286060658	0.004856175375	0.025840369308	0.00540102056528	0.0101776258292	-0.00330011451089	-0.000304548476529	-0.00145528894797	0.0	0.0	0.0	0.0
174	-0.245380573573	-0.062428045564	0.106204473591	0.0371957401611	0.0321659432585	-0.0158964039931	0.137518640997	-0.0219853918354	-0.00661799867604	-0.0276749397934	0.0675480543067	-0.0490566478352	-0.108952949672	0.00186750890216	0.0549745757178	0.102288961144	0.0111618513835	-0.0227834400929	0.0264369769811	-0.00661630151001	-0.0358129452197	0.0887617847667	-0.0197199407824	-0.0454680037515	0.0540218038701	-0.0454286945574	-0.0118099722094	-0.0933791259341	-0.0037982747086	0.0776312885641	-0.0322206602646	0.0587888083921	0.00456113674588	0.0163544427309	0.0130730834333	-0.0392440657463	0.0150378443558	0.0140026791043	0.0240300788073	-0.00998093898689	-0.00557428787701	-0.00840909951523	-0.00370612159296	0.00842831109282	0.00318140817513	0.0	0.0	0.0	0.0
180	-0.0686345904871	0.0922623652677	0.0562354106535	0.147256561601	0.0246472595121	0.0270138130147	0.207587151233	-0.0722622038568	0.0126481135453	-0.00206716176391	-0.0136666958234	-0.0312871692996	0.0598020925885	0.0493649790611	-0.0105969357004	0.0581784674489	0.0785118236858	-0.0517344320648	0.0349887799178	0.0208728955873	-0.0204358515536	-0.04067292829	-0.0219134825006	0.0193100273554	-0.0427466665103	0.0209230122925	-0.0818515341961	0.0370886620411	0.0465191940489	0.0198694677891	0.0488436537271	0.0553249649571	-0.01480012959	-0.0605470561201	-0.0225594060607	-0.00567013802981	-0.0133364163514	-0.0478751909573	-0.0260057438129	-0.015796891171	0.0153144510043	-0.00545906762292	0.0174284801129	-0.00548758814214	-0.00354173430653	0.0	0.0	0.0	0.0
180.1	-0.00567988160237	-0.123063160964	0.176956604785	-0.0497506041753	-0.21521622642	0.0494972468922	-0.0276270151937	0.0027969952028	-0.00352294829542	0.115157126542	0.14445657492	0.00297742678304	0.0115002578714	-0.0995631437542	-0.0462730641603	0.0374873206236	-0.0655257829122	-0.00041842373452	-0.0817084964118	0.0102818869461	-0.0654511581699	-0.0119876665583	-0.00334190981041	-0.0228959578542	-0.0787993037466	-0.0619338831908	-0.0202689510386	-0.0305342526958	0.0471697119348	0.0205555854736	-0.0299867741395	-0.0184227515195	-0.0392785622456	0.0164249996085	-0.0662481969651	0.0173870593697	0.0325718222937	0.00413340886737	-0.0296026456817	5.08185131537e-05	0.00735767674571	0.00857365330757	0.000294044499693	-0.00444819739166	-0.00205382752004	0.0	0.0	0.0	0.0
181	0.146471666242	0.0752312685953	-0.0027654650266	-0.00393426783178	0.127305378955	0.00965558433255	0.0939652761171	0.0500910583924	0.0563369139276	0.0332728398142	-0.0314343178777	0.0190731400852	0.00723058882293	-0.0529860642719	0.0449384587486	-0.0688884927949	-0.0356909381424	0.055067316639	-0.0144427122727	0.0191515127043	0.0324487157542	0.0186364771292	0.0338537262505	0.0226731001863	0.0163685328208	-0.0176683195506	0.0114136410296	0.00966830263765	-0.0238383646607	0.00355298720243	0.0300260453904	0.0571410238323	-0.0260201322228	-0.03474120332	-0.066874286958	-0.0164156344034	0.0157309238406	5.84372612298e-05	0.00222490017719	-0.000153631937758	0.0288689319256	0.0158388780566	-0.00899448070382	0.00250705845315	0.010337993043	0.0	0.0	0.0	0.0
181.1	0.0650721920138	0.0839378917713	0.0556226302656	0.0329458663354	0.0327029465885	0.0238766829312	-0.0247187915513	-0.0615581387834	-0.00321223066108	0.0896006573342	-0.00141132714551	-0.116893672241	-0.00654069438631	-0.0295232036794	-0.00285957186497	0.085007264769	-0.131190262391	0.0871363358161	-0.0893142022	-0.0139729361385	-0.00681603431696	-0.00984153174309	0.0451067601086	0.0185497726376	-0.028630382041	-0.00260027007453	0.0209919121619	-0.00472777155675	-0.0176134037242	0.0296747780524	0.109735162002	0.00734022869579	0.0807992227754	-0.0198517820508	0.0324316343609	0.0197787019333	0.00319095553899	0.0207540980477	-0.00698002185666	-0.00955661855104	-0.0179597359523	-0.0139637303679	-0.0104830618924	-0.00400690688803	0.00169692816726	0.0	0.0	0.0	0.0
202	0.155557520335	0.0235544776188	-0.0250832202788	0.0114574165944	0.174245085153	-0.072544130851	0.0142383495405	0.0666812898924	-0.0857051107895	-0.0158628340359	-0.0110718010539	-0.0405894725853	-0.00573429190155	-0.00684236910441	-0.0591373765397	0.0482329221577	-0.00774674254863	-0.00162655443109	-0.0594359754469	0.0940866479499	0.00605202095789	-0.0170139812465	0.0360256907143	-0.00176023096895	0.00884252386537	0.0510413772112	0.033064670025	0.0415437323828	0.0503962923598	0.01811288015	-0.00743791417478	-0.00950437612199	-0.0274289955386	0.103422079788	-0.0192344672171	-0.0335593208	-0.0299944212445	-0.026632197213	-0.0286416677396	0.00178059994361	0.0166504343102	-0.0287727484475	-0.00973671775431	0.00502003679701	0.00681744055965	0.0	0.0	0.0	0.0
205	0.103034893139	0.0252939651077	0.0232680178211	-0.0470768779187	0.161777962938	0.0454544410725	0.0443737624275	-0.0110093416522	-0.148012036121	0.0420221516972	0.00543791114657	-0.0466981449942	0.0915404494064	-0.0229151714542	-0.105052767441	-0.00613332958705	0.113851502185	0.08150560412	0.0184408322978	0.0248424917309	0.0122633817964	0.0368989352858	-0.0378700334712	0.0111889751713	0.0274441364644	0.0688219794179	0.00363630189448	-0.0465037905877	0.0177771713934	0.0149304453194	-0.0603883581289	-0.0154074666788	0.0927528335854	-0.00214244991324	-0.00735041973533	0.0073884145081	0.0545060053139	0.00367652053136	0.00242810677668	0.00183808868337	-0.00648120106611	0.0136631558181	0.0110764417197	-0.00810121587331	0.00203836377894	0.0	0.0	0.0	0.0
208	0.172911812151	0.0349125062024	-0.027606725132	0.0303512406925	0.148983313601	-0.00115420141168	0.00519738576467	-0.00326800169538	0.10862595749	-0.122950595391	0.10339612097	0.0307900115697	-0.0226443170378	0.00525398484213	0.0962548905644	-0.011124742852	0.0109041265762	-0.0447970196835	-0.118313855594	-0.0133745669843	-0.0227753604931	-0.00854449534118	-0.0450224818489	0.0564301760968	-0.0163076312859	0.00119389504367	-0.00669902035162	-0.0464306074407	0.0538055564986	-0.0377588872953	-0.00534465622238	-0.00303519813982	-0.00137382625127	0.0390891513655	0.0516617239947	0.0199214630234	-0.000992375849205	-0.0126366599697	-0.0252479001101	-0.033206134426	-0.0339024273266	0.00549110605305	0.0105534942408	-0.000292548084997	-0.00338922963587	0.0	0.0	0.0	0.0
209	0.236219205192	0.0128270701035	0.0133992634853	-0.0537509032689	0.0837634035472	0.163765483293	0.132446362463	0.0499458113046	0.121395477471	-0.0694998501463	0.0379594634474	0.00433462026168	-0.00459573802242	-0.0378318337022	-0.052223873289	-0.0187599541202	0.0695144049623	-0.03352350172	-0.0794837229246	0.0500114331052	0.0190767295372	0.0368098536855	-0.0243997950463	0.0306794056532	0.0118392415451	-0.0265507139336	0.0193740484986	-0.0477022763008	-0.051281589521	-0.0465036215389	-0.00617734963617	-0.0415862856679	0.00468544188063	-0.0603965866183	-0.032982184886	0.00926630255288	-0.0127181375912	0.0246239456959	-0.00309736138198	0.0126741958661	0.0101585471224	-0.0182309354202	-0.0125534762508	0.0083637462277	-0.0064813510128	0.0	0.0	0.0	0.0
216	0.166247295576	-0.00742539701513	0.0630644947363	-0.0210966742128	-0.0401368971886	-0.00165206057875	-0.0372725178769	-0.0194341154633	-0.0852344735408	-0.0665627185223	0.0606518160274	-0.0923339642348	-0.0513000180911	0.00448212477188	0.00306115187167	-0.103825646975	-0.00299564417677	0.033216379308	0.137419380978	-0.0816981383232	0.134512203665	0.00763832582777	-0.0165926111941	-0.00712439637608	-0.0262132692008	-0.00951551503043	-0.00992851783233	-0.0406467043596	-0.0185630838344	0.0619250806012	0.000114468927047	-0.0321256659432	-0.0322733230072	0.00404328211968	0.0185647499444	0.0272787462128	-0.00513151386476	0.000331944750628	-0.0577951549977	-0.00668444130989	0.0201858613908	-0.02336377762	-0.000321990009516	0.0002610167362	-0.00240675598124	0.0	0.0	0.0	0.0
217	0.23818257944	0.00376978588701	-0.0242318812118	0.0514996406591	-0.0175809337224	-0.13117646576	-0.0365125671484	-0.0114071717577	-0.0425370077872	-0.0753391301191	0.137078287368	0.00824609001391	-0.0370569466003	0.0310815326949	-0.00109143532233	-0.0365458532061	-0.1024405183	0.105366084548	0.0535572273518	0.0975970283275	0.040421937639	0.00860593068944	-0.0315177317796	-0.0523038654109	-0.00687561631541	0.00438665427238	-0.0266642844156	-0.00163613359156	0.00874545423133	-0.00562346100563	0.0067500610258	-0.00106209174428	0.00558077770711	-0.0365994564427	-0.0106999770974	0.0119960284416	-0.0295882614533	-0.0389372325898	0.0361467330231	-0.0224971985964	-0.0174107271479	0.0398693170175	-0.00113069772832	0.00590933437789	0.000165287926769	0.0	0.0	0.0	0.0
26	0.109190913374	0.139699571802	-0.117159866802	-0.0713790817317	0.0093466438783	-0.0643121285096	-0.0196386169847	-0.156823269582	0.0477836603198	0.0948845647686	0.0668591322863	0.0533351790075	-0.0673860089788	0.00828863188824	-0.0656286889831	0.0652315259669	0.0435498236218	-0.0535873702489	0.0501804990118	-0.103744073951	-0.0526549815503	-0.0578721582763	0.0647092600103	-0.0294193120726	-0.0374820254985	0.0146360305091	0.0468798076913	0.00248023873499	-0.0963312445693	-0.0047415312348	-0.0244613265467	-0.0173704431142	0.045866828187	0.0129031563838	-0.0425163764262	-0.0187928758259	-0.0197285830963	-0.0321764140833	-0.00513997706469	-0.0257065131642	-0.00840079648327	-0.004517875708	0.00617404517177	0.00483431395767	-0.00149639172697	0.0	0.0	0.0	0.0
27	0.233657747844	0.0209213077765	-0.0484787593287	0.0251902166323	0.0640847730067	-0.0974606261534	-0.0254998907586	-0.125440020296	0.00612470775685	-0.163550626971	0.10103015473	-0.0657864259836	-0.107657904221	0.0215145646364	-0.0314114049933	0.050924579157	0.0018787402361	-0.0697684443018	-0.0167325910413	-0.0366964693872	-0.0396990391589	0.0204549963246	0.0245576314027	0.0105743896919	0.00673561640728	0.0100237035257	0.00103765492238	0.0606084068963	-0.0138466797328	0.00791310379179	-0.0141422376818	-0.0149440881176	-0.0591457539965	-0.029003442784	0.0126705974295	-0.0112008428336	0.0274345852752	0.0302349445792	0.0300634265336	0.0329299752807	0.00829671664868	0.00514908272635	9.70728874052e-05	-0.0156911335848	0.0056506386087	0.0	0.0	0.0	0.0
29	-0.222975468514	0.116026384817	-0.094395956557	0.139268242481	-0.0198170801634	0.038917178594	-0.108432907138	0.0737592763501	0.0868386813538	-0.0890881104951	-0.00168724443759	0.0111471775958	0.0498614684851	0.00352852198149	-0.0190579727117	0.107954399308	0.0391587642242	0.0197999055454	0.0368946361215	0.0510878810479	0.040799475264	-0.0757760954148	0.0388263902084	-0.00287071655259	0.0351705145864	0.0134105935206	0.0654197175692	-0.0674857696106	-0.00857114435596	0.0233490969253	0.00737279362975	-0.011752423076	-0.047353958937	-0.0298017256689	0.0103457651874	-0.00731686344071	0.028576676378	-0.0229319680966	-0.00561063394323	-0.0263583489292	-0.00543552054515	-0.00125449229377	-0.0133443683259	-0.00177169160293	-0.00211173359789	0.0	0.0	0.0	0.0
30	-0.194761842207	0.130237014105	-0.0641575449491	0.175731377137	0.0297132565553	0.0880038760699	-0.118661819909	0.0498764896216	0.0810323533547	-0.00904154711131	0.0265601439039	0.0849105554625	0.0192333314276	-0.0446410215107	-0.0504019993569	-0.00251544874537	0.00525149313655	0.00507225960475	0.0401430547111	-0.0230146259024	0.0293039787241	-0.0248068853621	0.00908028778671	-0.0255400257497	-0.00639526552576	0.0235368715282	0.0612171900255	-0.017046340186	0.0570237502237	0.0200661531131	0.0106892395369	-0.0192730263595	-0.0206756415763	-0.0179597299228	-0.0223802310156	0.0328517604434	-0.0052166558654	0.0189452024676	0.00241194654521	0.0402621191606	-0.0267374655986	-0.00154987304094	0.0112077933821	0.000215519379186	0.00806892125853	0.0	0.0	0.0	0.0
33	-0.0399744409267	0.107302396943	-0.0472392142118	0.139941072778	0.141726210918	0.134751729085	-0.0564302025728	0.108409334691	-0.0992418784772	-0.0183986669028	0.0367611349789	0.0249445494654	0.0363455301999	0.0130087646834	0.0429655018286	-0.0537332200664	-0.035075602634	-0.0122677707311	0.0308624685053	-0.0685791654385	-0.0443520970302	-0.0437714727895	-0.0438050771286	0.0337643319084	-0.0232610287727	-0.037635010388	-0.0899159504459	0.0416837724079	-0.0531560071502	0.00841373887758	-0.0233236195445	0.02604478728	0.00271251382384	0.0248714224592	-0.036730637527	-0.0105824552047	0.00472264285109	0.0142632622009	-0.0080845632287	0.0136082357966	-0.0468404114199	0.003666314278	-0.00167776096519	0.00452467167772	0.0039545197051	0.0	0.0	0.0	0.0
34	-0.170783531346	0.0886290320754	-0.152865110899	-0.191496302415	0.014086573351	0.0692413045645	-0.0727666208247	0.0711688982554	-0.015665938905	0.0860297708002	-0.0238716771248	-0.00913152331638	-0.0100778494544	0.132256707856	-0.0127162758277	0.067151615262	-0.0448239752896	-0.0528533878513	-0.0323149412295	-0.0472536819719	0.0462935338659	0.046866557801	-0.0951680746441	0.0799411760174	-0.103412446728	0.0130139179089	-0.0169343706107	-0.0404577460455	-0.00493042223286	-0.0102705661594	-0.0178764731555	-0.0147693840989	-0.00909640460829	-0.00765903060558	0.0194918940241	0.0125261686146	-0.0048365956242	-0.0361001917764	0.0213652854185	-0.000711946317657	0.0306730023544	0.0132282747427	-0.0137594141173	-0.00108029013129	0.00817217150858	0.0	0.0	0.0	0.0
36	-0.305120825882	0.00367546881927	-0.0641981686174	-0.178050540767	-0.0118549192625	-0.00311267829459	0.039268927933	-0.0732730395067	0.00330895904101	0.0120952506799	0.137643742753	-0.00832432738011	-0.0630929506228	-0.0674586143793	-0.020627277183	-0.0623330916624	0.00613508452779	-0.0511692081909	0.0181857978716	-0.0158641269366	0.0464190050645	-0.00310754110086	-0.0839255031757	0.0278371432302	0.0103706984072	0.0890437251407	0.0401330469852	0.0406956458317	0.0581321517451	0.011784324599	0.069398685002	0.00938800170841	0.021672046855	0.013868527943	-0.026355222449	-0.0227547858655	-0.0206684494571	0.026393662775	0.0194141818688	0.018040389221	-0.00178458179742	0.00448006069245	-0.00116503447734	0.0047317307741	-0.00725636851927	0.0	0.0	0.0	0.0
37	-0.223179318277	0.0299010856255	-0.00121409981487	0.0354141223098	-0.131151067978	-0.0368428479002	0.0521718499309	-0.00254481924677	-0.0532133580865	-0.0373763398955	0.149464926193	0.0602508638364	0.162391642748	-0.0876000453803	0.0584308321986	0.0526532005329	-0.0114569273907	0.0134016085462	-0.0391387221992	0.0140085281307	0.0924557682473	0.0366887492463	-0.0114093243726	0.00961977832883	0.045155304446	0.0347011111276	-0.0088165590464	0.0500395770577	-0.107361502784	-0.0480177804492	-0.00776591450705	0.0204076738561	-0.00924131553495	0.0342365447007	0.0202380257161	-0.00772734667334	0.00131415360775	0.0089335256532	-0.0165451402844	-0.0111814530032	0.011048272544	0.00426618932096	-0.00273680066207	-0.00638835064216	0.00018568460154	0.0	0.0	0.0	0.0
38	0.013318947653	0.0970302734911	-0.105447801991	-0.177398975297	-0.0667542124843	-0.0508010426861	-0.0151109620318	-0.0624364550691	0.0789828819224	0.108431923528	-0.057328375423	0.102241863759	-0.0222649020241	-0.0632297136206	0.0903664514643	-0.0968002014434	0.0581173134468	-0.0161655611569	0.00525570661521	0.0848333784921	-0.0112213225249	-0.0114891563276	-0.0105200175436	0.0413098714394	0.0534443407924	-0.0428057258666	-0.0407357937961	-0.00888162282231	0.00602991616363	0.0792569594167	-0.0022405639474	-0.0520227597869	0.00742324109319	-0.010345395349	0.00954028276942	-0.0432119837033	-0.0285691616967	0.00482659234524	-0.0140995649723	-0.0185885525833	-0.0185375892546	0.00396143927159	-0.00946234627952	-0.0113318763598	0.00513760109442	0.0	0.0	0.0	0.0
39	-0.0894380399851	0.10849374922	-0.0394425410688	0.0354447767477	-0.015055247326	-0.00395444210121	-0.0427765327714	-0.159476239187	0.0230537797178	0.116108887663	-0.0573662643976	-0.108756611306	-0.116421611071	-0.0959051703007	0.0543346291087	-0.0340117949861	0.0468591670703	-0.0185350219699	-0.0345163187738	0.0724557274116	0.0925777262722	-0.0633951430212	-0.035204201839	-0.0616332039279	-0.0107310063993	-0.0369610010716	-0.0163389847569	0.0424108540411	0.00495710455843	-0.0626288436585	-0.0560284646541	0.0415060130932	0.00366040599389	-0.00756268566284	0.0248312466159	0.0378414958575	0.0364272640546	-0.0233031112421	0.00538717157456	0.0161286253227	-0.00864154160869	-0.0225694884071	-0.00463631007715	0.0036546360429	0.00251390373971	0.0	0.0	0.0	0.0
43	0.0942369993301	0.0284161892785	0.0796095845477	0.0707667905279	-0.042327457182	-0.0900662086579	-0.0254983543037	-0.04892827104	-0.140103933852	0.124944339859	0.0753021356585	0.0419993410867	0.094346984618	0.0467548735237	-0.00406227352332	-0.0146913362232	-0.00653901215955	-0.00277658961171	0.0587170937374	0.0297894875915	-0.0413396275665	-0.0176856975534	0.0162703928299	0.0616314560186	0.0118489118441	-0.0306481543022	0.0280984489757	-0.010036977375	0.045846373575	-0.0471293091401	-0.013913250851	-0.0204952540906	-0.023595429436	-0.0185533222046	0.0161814596473	-0.0420918957757	0.0229208076236	-0.0207953033608	0.0341004576041	0.0140380711101	-0.0080651971863	-0.0148226587619	-0.0192657973869	0.00237840535398	-0.00734798631531	0.0	0.0	0.0	0.0
44	-0.105457419262	-0.0202732403893	0.122623130048	0.0603445598912	0.0454544423137	0.0550376487432	0.0303173293187	-0.0024410175666	-0.0944194164822	0.0938011933774	0.0385990890925	-0.044682970412	-0.0108557277482	0.135342714233	0.076424457817	0.00165992907661	-0.0402243269237	-0.17426088115	0.0516784961993	0.0818852930457	0.0246471515856	0.0353233770037	0.0949014690077	-0.000520725953526	0.0737009795147	-0.0238942359012	0.00403632380893	-0.0182609759266	-0.00186394359526	-0.0393257490476	0.0202651992069	-0.0477162000795	0.0283424999643	0.00229397236187	-0.0152793226482	0.0467001757015	-0.023858399477	0.0127029762974	-0.0167971667874	0.0107579024473	-0.00138820410356	0.0130855806014	0.00697380348849	-0.00136159985821	0.00296171255738	0.0	0.0	0.0	0.0
45	-0.0471962962905	0.1651766306	-0.181768382413	0.0127150827066	0.154374944214	0.0857169248425	-0.135019459888	0.079711379344	-0.0691621744099	-0.0069893924409	0.0188724329611	0.0308047353327	-0.0166076924238	-0.0228177734507	-0.00575188880515	0.0214377452256	0.0517033303214	0.0399790076819	0.0276749280702	0.00269575913394	-0.0293351349338	0.0383983969141	0.0184228423848	-0.0317891011667	0.00694726657681	-0.113786329198	-0.0503890135986	0.0465762449786	0.0176077481016	0.00910265691116	0.0407594820786	-0.00873517565086	0.0106013303943	0.0285130708424	0.00760094699761	0.014435699952	0.00197349535654	0.0174171421754	0.0302652367011	-0.0120335209821	0.0358980014575	-0.0166282995744	-0.00150707989426	-0.00290898868454	-0.01171602979	0.0	0.0	0.0	0.0
51	-0.107843389987	-0.0710335452084	0.0103433193285	-0.282264966571	-0.0852424776566	0.169684600801	-0.0554667855631	0.0717616074816	-0.0788651351869	-0.0682577163062	0.0137904720459	0.010543312782	-0.0470064763379	0.0477078808291	-0.0244944263992	0.0244620132346	0.0129609831759	0.0703749638632	-0.0539411240619	0.0325219657177	-0.0299676602617	0.0811559156611	0.0502418590789	-0.0309077231152	0.0251338346538	-0.00209433211674	0.00716384704743	0.0672828923386	-0.0155802628512	0.0128129484378	-0.00755597802066	0.00476328905944	-0.0137292095953	-0.0513345847767	0.0215081472225	-0.0167555392949	-0.0136726151282	-0.0549796356167	-0.0246200295348	0.0286469570874	-0.0330423258994	-0.0160880359715	0.0112655394856	0.00154464792023	-0.000911173772131	0.0	0.0	0.0	0.0
52	0.074202321504	-0.113012827998	0.119718114697	-0.154532436327	-0.165105663982	0.126380038951	-0.0121749201158	0.042564687714	-0.0469106276917	-0.0923222242087	-0.0203667477038	-0.0458321365738	-0.0311683276762	-0.0586629779767	0.0851849355168	0.0484238777807	0.0904986150115	0.0447361378443	0.0236937053676	-0.0715137130714	0.0212306946805	-0.0935438502734	0.0994719326627	0.0647517706247	0.0263475316128	0.0440332916181	-0.0682151118157	-0.0214000513684	0.036741934746	-0.0381077025632	0.00874025910378	-0.00377217351628	0.00336665229308	0.0194870368232	-0.0225590510715	0.0193588314501	-0.0165939185043	0.00127718113909	0.0505346170212	-0.0176514864821	-0.00078885747907	-0.00543251416166	-0.00399061295132	0.000870756228939	0.00494586164048	0.0	0.0	0.0	0.0
55	0.167796508109	0.0437992056488	0.0303100575623	-0.0973213488842	-0.107657066987	0.0646161518224	0.0918980307037	-0.0741664630213	0.090952073339	-0.0468583105886	-0.0392718658954	-0.0112499314637	0.159721973102	0.0700310499835	-0.0238175267378	-0.030561692808	0.0568407806452	-0.0317617446829	0.0456976067547	0.0445024892662	0.0643256683524	0.0447394464251	0.0619712977772	-0.0230966728352	-0.13519358932	-0.0526280276873	0.0361391182059	0.00774870230849	0.00336736511938	0.024658433974	0.0132894297708	0.0437115245209	-0.00445111037135	0.0526854204773	0.0261375677758	-0.0127161590891	-0.00135936228185	0.0249551486413	0.0261241596974	0.013922372728	-0.0267159015771	0.00475075413846	-0.000495867424594	0.00124256115058	0.000574432594272	0.0	0.0	0.0	0.0
56	0.112875906795	0.0239237460541	0.0600232689822	-0.0825020818078	0.00252713315856	-0.0237779956194	0.0667312626073	-0.049957446006	-0.00649118294007	0.0341864170297	0.00823583797601	0.10434360293	0.0842120334648	-0.097858484636	0.0213750691209	0.0148328515682	0.0321379408425	0.00714237599403	0.0464487843528	-0.0232896961406	-0.123746792374	0.0104156575292	-0.0481899050063	-0.0137581648688	0.0427744741123	-0.0128170433795	0.0373606463262	0.0101179587256	-0.0113925896169	0.0225860038655	0.0300800824211	-0.0042161318578	-0.0249954459872	0.0126450200056	0.0542838345287	0.0887891281056	-0.00798784744747	-0.0247430344849	0.0111493141158	0.0131512580437	0.0239346234632	0.00320088618074	0.00878152370061	0.00744625860345	0.00701491444034	0.0	0.0	0.0	0.0
57	0.239727448791	-0.0171787092642	0.0681190283746	-0.0184256069489	-0.15177481915	0.124933787961	0.00996383120189	0.116744784025	0.00358626268905	-0.00674603627962	-0.0371358031672	-0.0270788638122	-0.0127476119727	0.0447126483241	-0.0522759746952	0.0370073634039	-0.0167741201849	-0.0356757600605	0.0417951399513	-0.00300836348116	-0.0151590673784	-0.0944969251736	-0.147635143912	-0.108806625285	0.05959193368	-0.0378467116543	0.0244230529908	-0.0127599767476	-0.00804821486236	-0.0521623879974	0.0431250748742	0.00363031536233	0.0206670880229	0.018649820639	0.0135961656014	-0.0535526528838	-0.0112969360871	0.00793899387363	-0.00222975417467	0.00270218035867	0.00357469160968	-0.0016837761028	0.00372501913497	-0.00622709677158	0.00435780805592	0.0	0.0	0.0	0.0
58	0.00227607461915	0.0120459744809	0.11821920561	0.170514850528	-0.116087580384	0.000490776355501	-0.0351320201651	-0.00186117519037	0.0503960592979	0.0482413605096	-0.0988155329972	-0.0869358945409	-0.0067860598693	-0.00667356589188	-0.180639697023	0.0243592991782	0.0398050021753	-0.0249784424117	-0.0161436673769	0.00794275118421	-0.0237990094082	0.0488590224111	-0.036416686732	0.0272173335888	0.0409951202259	0.0406129455022	-0.056568592921	0.0619097973975	-0.0177092965716	0.0328979556978	-0.0247246211325	-0.0169025792387	-0.0305543494348	0.00530475428646	0.0142312117725	0.0353247123272	-0.0405065464719	0.0249514959481	0.00463210040413	-0.0243558069377	-0.0191056837826	0.0197980521045	-0.0200292937263	0.00453264862712	-0.0023112766723	0.0	0.0	0.0	0.0
59	-0.00115662718049	-0.0730091242515	0.15496293863	0.191099440058	-0.0554209651349	-0.0142583107111	-0.203349556646	0.0145444491944	0.0761044514604	0.0667995479784	0.0551314151618	-0.00400219249622	-0.00378104349696	-0.0133988841252	-0.0286393397027	-0.0515176719741	0.0392973863015	0.0145628174551	-0.0327880504809	0.0142080028975	0.00430805763959	0.0119071792749	0.0260550237265	0.0690895381838	-0.0264028931071	0.00171175842397	-0.0262699943717	0.00179637562742	-0.0114465367926	-0.00709323770947	0.00287980901008	-0.0116150284871	0.0231973588359	-0.0229005796315	0.0502878817405	-0.0696492787889	-0.00676940982644	0.0150232454631	0.0033078267302	0.00207059005064	0.0334771226571	-0.00612954728457	0.0307985359031	0.00937388698952	0.0057450399932	0.0	0.0	0.0	0.0
60	0.0374144203579	-0.120885387817	0.151274916291	0.023495181804	0.0198832926148	0.068885973068	-0.158249162787	0.00417821865069	0.0992430574784	0.0763747456173	0.0392101437284	0.0792847689581	-0.056160936665	0.160620248904	0.0597351032421	-0.0844747907631	0.0393660570261	0.0542808385049	0.00503379422808	0.0425452673364	-0.0643159779295	0.00602039271836	-0.0108354382023	-0.0191270598101	0.000389684004582	0.088260701679	0.0342830189365	-0.00433571010987	-0.027423395744	0.00479915807582	-0.0150435614385	0.088586414174	-0.00267469942617	0.0186252709288	-0.0157393869768	0.0346424000883	-0.00631188486245	0.0140113536389	0.0022397596002	-0.00947477170443	0.0127252044914	-0.0184854565433	-0.00972376527645	-0.00843115539886	-0.00391721399978	0.0	0.0	0.0	0.0
61	-0.106669647089	0.195221890463	-0.170565661237	-0.00816207299036	-0.123674400518	-0.00332608623858	0.0470106105488	0.032704567969	-0.000923700534173	-0.0450725895791	0.00508447524287	-0.00892896684113	-0.0158544909826	-0.00941229132394	-0.0686985173607	-0.0842669211555	-0.0227651834106	0.0132369356927	0.0178795916741	-0.0688950893782	-0.0560899290236	0.0732244350902	0.0726771506511	-0.0430296809171	0.013082261483	-0.0162521247782	0.0245974907026	0.00202762454151	0.0793835341988	-0.0787250112575	-0.0410681845239	0.0429969879476	0.0269077724409	-0.0168299387303	0.0166346235603	-0.00566814476822	-0.0174713060502	0.0239932003758	-0.0313396022432	-0.0375748808022	0.0148020872067	0.0128172126067	-0.00558293081425	-0.00120837510133	0.00432476155675	0.0	0.0	0.0	0.0
62	-0.157957109153	0.111448679722	-0.166132896207	0.042213650996	-0.194096201496	-0.0839550295905	0.0433558970776	0.0562739346757	-0.0611178342295	-0.120007617614	-0.0410111347756	-0.156094214875	0.044096498255	0.0486716105481	0.0258699615071	-0.166447277793	-0.0142227922594	-0.0317852769869	-0.0807938157221	0.0434789958528	-0.112934730605	-0.0456253847233	-0.00109746745034	-0.00351828284308	-0.00851882212525	0.0280029336152	0.0164146710213	-0.0300370416368	-0.048712292261	0.034474877136	0.0139998438473	-0.0271089012774	0.00745894750393	0.0116926054297	-0.01675883458	0.0134592088125	0.0293197528933	-0.0122223487099	0.0219242832042	0.000831526383764	0.00951966585824	-0.0118026492873	0.00778992781949	0.00248520289345	-0.00103391815077	0.0	0.0	0.0	0.0
74	0.0118129214077	-0.105598604679	0.0688886807628	0.037020478711	-0.0444041245609	-0.141682119123	-0.173293584659	-0.101881760313	-0.04390312479	-0.172902651792	-0.0942057895547	0.0943427329885	0.0680492002751	0.00640175713595	0.0908893252214	0.0448441183612	0.0490159554037	-0.0552206279427	-0.0145800893587	-0.0242162092307	-0.0222750977791	0.0457784484367	-0.0325143584628	-0.0658508170121	-0.037339471686	0.0226948594825	-0.034816233136	0.0088139631053	0.0272320318757	-0.00485037535645	0.0228233701552	-0.0174928241463	0.0657539238637	-0.0297998255857	-0.0265397275369	-0.00726964048282	0.0176643076104	0.00454639312923	-0.0324059670911	0.0152112495501	0.0074473614797	-0.00441279504992	-0.0245747414789	0.00609386352341	0.00224273652211	0.0	0.0	0.0	0.0
76	-0.002113721976	0.0643958327589	0.0701387680583	0.0596585353374	0.0418550036186	0.0155060852558	-0.078058693302	-0.0821312960666	-0.0611612418645	-0.00926855596626	-0.105744439374	-0.0765399884545	0.0743786063114	-0.011542272023	0.126300842864	0.0407559976562	-0.00468543669542	0.0378504850187	-0.0939577298499	-0.0507719520348	0.0367881312418	0.00555536938823	-0.0314554019125	-0.0362046866964	0.00570248794238	-0.0315078297841	0.075673341891	-0.00310045182113	0.0111417679993	0.0255676082465	-0.0611069199599	-0.00754770588062	-0.00924185979977	-0.00861496402393	-0.035213390157	-0.00879556926484	-0.0774842401262	0.0041795455138	0.0217570861697	0.00263492777232	0.0127732062849	0.0197305126753	0.0162867558705	-0.00319862968273	-0.00610705757272	0.0	0.0	0.0	0.0

Biplot	0	0

Site constraints	0	0
