Eigvals	49
1.33323027157	0.999093299124	0.391870756743	0.336290847766	0.277013152476	0.197932306481	0.187620296348	0.142831783147	0.136691030848	0.106413255809	0.0888422112371	0.0831132625741	0.0799999152921	0.0748673207373	0.0645520577164	0.0614292669326	0.0569435840737	0.0508705431269	0.0466659628964	0.0431162491064	0.0396354353819	0.0347234222902	0.0317300970321	0.0301219198095	0.0280074962544	0.0227755299251	0.0204026029175	0.0193553345415	0.0179110708873	0.0152632307897	0.0112002570548	0.0109106583584	0.0104014386417	0.00918663124109	0.00719836564131	0.00362525708589	0.00251465108187	0.000903762788876	0.0	0.0	0.0	0.0	0.0	0.0	0.0	0.0	0.0	0.0	0.0

Proportion explained	49
0.262692296945	0.196855801436	0.0772120401025	0.0662608831535	0.054581134902	0.0389994836885	0.0369676624152	0.0281427822273	0.0269328424586	0.0209670776233	0.017504976472	0.0163761762073	0.0157627395294	0.0147514415701	0.0127189793659	0.0121036819927	0.0112198479254	0.010023249626	0.00919480246122	0.0084953865472	0.00780954631988	0.00684171050847	0.00625192230433	0.00593505598536	0.0055184416973	0.00448756407483	0.00402001570047	0.00381366774912	0.00352909805039	0.00300738232579	0.00220683651941	0.00214977559877	0.00204944177055	0.00181008285918	0.00141832603481	0.000714300545986	0.000495472899766	0.000178072406519	0.0	0.0	0.0	0.0	0.0	0.0	0.0	0.0	0.0	0.0	0.0

Species	0	0

Site	49	49
137	-0.0284437007316	0.160050284241	-0.23172771456	0.07738694775	-0.0353879743587	0.0870162163635	-0.163454690219	0.0355175505488	-0.00189830777791	0.0158131891051	-0.0406510512439	0.0485748959589	-0.0269958283942	0.0262790008159	0.00603801312496	0.0325169406015	-0.00532896242429	-0.00892175417422	-0.024269007363	0.0137880462228	0.00473587107838	0.00859453816495	-0.0237318590304	-0.0140577709046	-0.0101017913523	-0.00355475148647	-0.0016919419606	0.0499213998346	0.010015199086	0.00987022513267	0.00628444959142	0.00558250616246	0.00405012074906	-0.0323324300934	-0.0199958344483	0.000174848239432	0.00776769312875	0.00190698734157	0.0	0.0	0.0	0.0	0.0	0.0	0.0	0.0	0.0	0.0	0.0
138	-0.204410171499	0.170826117016	0.0340929020055	-0.141950544001	0.194257603087	0.0551768335421	-0.101680266606	0.0897527695667	-0.0292465857637	0.021630346931	-0.0064387393177	0.077401020955	-0.0183671111783	-0.0607389937639	0.0899477271118	0.0288231386968	0.0294813932976	0.0110717571773	0.0527884719931	-0.00903975595059	0.0204538393244	0.00936356224065	0.0387828347524	-0.00470250786929	-0.0100851382949	0.0150391739205	-0.00119139873534	-0.0126411974563	-0.00169332529678	0.0133178030568	-0.00619278133404	-0.0132343731339	-0.00390558710124	0.0024831633936	0.00474420463402	-0.00286526028958	0.00280213186541	-0.0030829463313	0.0	0.0	0.0	0.0	0.0	0.0	0.0	0.0	0.0	0.0	0.0
161	0.0551578719937	-0.00513024739151	0.0247674406166	-0.0765577379835	-0.00245101159297	0.0181076729506	0.0518518586883	-0.10104458352	-0.0720766361368	-0.0282630163068	0.00101833051339	0.102084399651	-0.0362369077022	0.0346086214075	-0.00112676451533	-0.0466560128893	0.0228307519101	0.00258628375878	-0.0204727024432	-0.0154535174439	0.0271643633885	0.0140042780412	0.00181061848865	0.0121925007664	-0.00405856538712	0.00635539409451	0.0209129199892	0.0246935582013	-0.0269419077313	-0.00263244100696	0.0187977518629	0.00200678484888	0.0224742715913	0.0215204200822	0.00339050413553	-0.00534772471993	0.0125511759632	-0.00182108274169	0.0	0.0	0.0	0.0	0.0	0.0	0.0	0.0	0.0	0.0	0.0
162	0.0773035255876	-0.0350339294165	0.0147850413865	-0.00125648284508	-0.0601518441456	-0.0357643609125	-0.0024896424521	-0.0238364959088	-0.0426195184157	0.0111637872822	0.0104910287185	0.0510319156883	-0.00980191893024	0.0129000135869	0.00589208867764	0.0308991415332	0.00854841529028	0.00140687408292	-0.0141043030238	0.0491610458545	-0.0219846895559	-0.0304535010065	-0.00187532943284	0.00971371582104	0.0333899058275	0.0257009281965	-0.00827685678473	-0.0246735583049	0.0543790961079	0.0139920479229	-0.00318672190428	-0.0064477303828	0.050097731433	-0.0037523749542	0.00529826227141	0.0150058295257	-0.0031348200043	0.00213548706273	0.0	0.0	0.0	0.0	0.0	0.0	0.0	0.0	0.0	0.0	0.0
163	0.0660303285911	0.0977280851839	0.0479468730955	-0.0197140207865	-0.0233793499893	-0.0283029532742	-0.0136559945506	-0.0207039415245	0.0157423539465	-0.0343479626317	-0.0104918664573	0.0154017281378	-0.0763677652101	-0.0451652699262	-0.0167692323135	0.00705709301832	0.033120435779	-0.00470637392705	-0.0665076519695	0.0184114839402	-0.0089001303041	-0.0211798433739	-0.0404249010649	-0.0251907165024	-0.0298005248829	-0.014824966338	0.0514110805367	-0.0495595300341	-0.0148238580973	0.0356720207506	0.0194850088607	-0.00890600021435	-0.0134488131194	-0.01476012001	-0.00489727152039	-0.0019526717599	0.00239523315453	0.000248647464208	0.0	0.0	0.0	0.0	0.0	0.0	0.0	0.0	0.0	0.0	0.0
164	-0.0585062159228	-0.0493100544563	-0.0560470552065	-0.0699775611323	0.0645086323724	-0.0901185227536	-0.0185885071673	-0.0114420596895	-0.00762451581011	-0.107499739238	-0.017561672349	-0.0792408006979	0.0152691479154	-0.0332726271069	0.0197529243831	-0.0494713681634	0.0264187983566	0.0165396332271	-0.0209708575006	-0.0168644681313	-0.0223311625541	-0.00711718672697	-0.0056343616985	-0.0188386971058	-0.0228724542876	0.0188711927798	0.0205504836744	0.0156169878705	0.0255716137068	-0.0077302462251	-0.00712110169168	-0.0156133810264	-0.0146055340655	-0.00355388835849	0.00956606161019	-0.00188177346987	0.00300797233337	-0.00163792694766	0.0	0.0	0.0	0.0	0.0	0.0	0.0	0.0	0.0	0.0	0.0
165	-0.00971021523271	-0.000738114846177	-0.0407078027752	-0.0231851133181	0.0143026159051	-0.0735916655764	0.000522865220396	0.0751798972382	-0.0351379725675	-0.0364979893662	0.0477113466249	-0.0255616042084	0.00642003283927	0.0136720649435	0.0187301953914	0.0116528377199	-0.00405294509127	0.0253170009698	-0.0525413318549	0.0208082826623	0.0587036553667	-0.0455037565906	-0.0281648856934	-0.0532488740809	0.022031936821	-0.033401023697	-0.0457719083618	-0.0129147516893	0.00438427942971	-0.00649289812887	-0.0188634165261	0.0233734836582	0.00581329165727	0.0068105677595	-0.00091188019115	0.000270532907172	0.0132157193605	-0.00573504464752	0.0	0.0	0.0	0.0	0.0	0.0	0.0	0.0	0.0	0.0	0.0
167	-0.147818461521	0.322816740182	0.117420254068	-0.262416304944	0.129839585844	0.146598550217	-0.0230745070798	-0.0516931417684	-0.0110777741015	-0.0106522401959	0.0550264721876	-0.0597045319859	0.0246873548084	-0.0261986484757	-0.0884712545434	0.0224505879871	-0.00483094251797	0.0113740928769	-0.0345196572627	-0.000393305146634	-0.0058746300572	-0.00212004629026	-0.0118816340276	0.00939754271114	0.00391525406308	-0.00411571124948	-0.0130146285391	0.00129851139811	-0.0083831425423	-0.0278937691326	0.00173447789259	0.00625381781649	0.00892488547039	-0.00637447443765	-0.00860837140545	0.00720511160331	-0.00444539988081	0.00362624752053	0.0	0.0	0.0	0.0	0.0	0.0	0.0	0.0	0.0	0.0	0.0
168	-1.05736787247	-0.134745755995	0.0927125170761	0.0830100727101	-0.128239692539	0.0103516039229	0.0192047981141	0.00395861229792	-0.0132858485627	0.00132322389772	0.00611728482812	0.00451501184464	-0.00526851939114	0.0156189269086	-0.0110538020389	-0.00538711794388	0.00348863539259	-0.00554004652174	0.000511427989291	0.00370673937768	-0.00616531133244	0.00197668269367	-0.00435346114861	-0.00211018558051	0.00114376619454	-0.00305182194795	0.00274357528512	-0.00165722627313	-0.00181993710104	0.00517097142765	0.00147451857711	0.000835020808663	0.000612445897432	0.00170630004231	0.000116385364519	0.00118516902429	-0.00052154931477	-0.000382571284645	0.0	0.0	0.0	0.0	0.0	0.0	0.0	0.0	0.0	0.0	0.0
169	-0.0785269218317	0.0932431273538	-0.292222755537	0.0414341571288	-0.0314768650232	0.0484959973259	-0.000689659847789	-0.0359391396621	-0.00552915575742	-0.0433093415438	-0.0550529926133	0.0170659462352	0.0504841141404	-0.0616272088484	-0.0233783634315	-0.00676825598821	0.0285485565936	0.000856583688633	0.0137721575409	0.0311809916983	0.000756306828477	-0.0246019273075	0.0171709852009	-0.000304826353092	0.0210040332864	-0.00132179059444	-0.00152554414119	-0.0373004718368	-0.008881871693	-0.0111715654033	-0.0161294985492	0.013822376452	-0.0161903397365	0.0105389776813	0.0189928341705	-0.00694228206446	-0.00081334325843	0.00404392617016	0.0	0.0	0.0	0.0	0.0	0.0	0.0	0.0	0.0	0.0	0.0
170	0.0250313839647	0.102091104747	0.0557686681322	0.105346366752	0.0326135684086	-0.0341948561892	0.0344721395223	0.0331951932598	0.0692754992111	-0.00114814071257	0.0391584576928	0.0176483114031	0.0225428690658	0.000772665177841	0.0158012819236	-0.0477946642251	0.0195525442017	-0.0262884509324	-0.0415230386728	0.00500010442255	0.0217054169923	0.0233550861545	-0.0155616361197	0.00964208424717	-0.0341249731358	0.0627645825453	-0.0489396252955	-0.0293223642146	-0.0189078665845	-0.00104527944939	0.0107156860881	-0.0138674983753	0.00925275922602	-0.0227075125339	0.0142263492685	-0.00777582526876	-0.00633611532033	-0.00347202832374	0.0	0.0	0.0	0.0	0.0	0.0	0.0	0.0	0.0	0.0	0.0
171	-0.0491771578751	0.322159310625	-0.141577430809	0.0334281873138	-0.0497578669704	0.074566031224	-0.0325703066176	-0.0710894560548	0.107818377329	0.0266033392966	-0.0068717603958	-0.00434496107376	0.0161052927895	0.081977269391	0.0300469688207	-0.0320583937796	-0.00991777428912	-0.00160682068854	-0.0257477544072	-0.0378799803824	-0.0176129726167	0.0146195062999	-0.013798471865	0.0277110586307	0.00485621775549	0.0119000978783	0.00502997469378	-0.00800936142434	0.0163869477836	-0.0128802409827	-0.0124231585404	-0.0062591600145	0.00522169824954	0.010576486339	-0.00562757815435	-0.00470858158024	0.00236174021218	-0.00399828871916	0.0	0.0	0.0	0.0	0.0	0.0	0.0	0.0	0.0	0.0	0.0
172	0.0997309411292	0.0291260413075	0.178262654211	0.0870235626687	-0.0468752085313	0.0155094322174	-0.0269128585638	-0.0449481003078	0.0738971318913	0.0257503206595	0.010801890362	0.0276665104375	0.105227685157	-0.013055935588	-0.014494107368	0.0447531349009	0.00230510689557	0.0743886925683	-0.042179923375	-1.05951615608e-06	-0.0156828211436	0.0465852799614	0.0250432023695	-0.0235730811528	-0.0263666428492	-0.0356417828298	-0.00572564268199	0.00519934073845	0.0320958803645	0.00541635318553	-0.00653072852766	-0.00202179399741	-0.00424257593005	0.0107039434446	0.00440036242211	-0.0137337016504	0.00174460808381	-0.00261942629369	0.0	0.0	0.0	0.0	0.0	0.0	0.0	0.0	0.0	0.0	0.0
174	-0.0249251807061	0.13006063147	0.00150381365852	0.0573120632056	0.0943657228023	-0.0120699287631	0.0144180654279	-0.00570269667168	0.0649085147038	0.0468810023003	0.00975405630239	-0.0632504448633	0.0354944445083	0.0460021333666	0.0524082891848	-0.0279531697612	-0.00699176022385	-0.0117385167602	0.00726392532148	-0.00738085032191	0.0200792138331	-0.00500956324654	0.0197533613664	-0.0621644627899	0.00758716991317	-0.00164471040476	0.0246824814513	0.0111090667823	-0.0141400900513	0.00990883881942	0.0363590107409	0.0252608162084	0.0160949945993	0.00912921665099	0.0249125265605	0.0119833410481	0.00116418305809	0.00923064955332	0.0	0.0	0.0	0.0	0.0	0.0	0.0	0.0	0.0	0.0	0.0
180	0.0549573161994	-0.0586370994861	0.072146834525	0.120265697244	0.0266997427699	-0.0218194320648	-0.0529508963097	0.0513071865735	0.090405607666	0.039007188718	-0.0120578249406	0.0138324957131	0.0153865213923	-0.0159092965277	-0.0380916094744	0.0208371690044	0.0199414318893	0.0253715410772	0.0550216612634	0.00453082226165	-0.0373874513184	-0.0479642047603	0.0105207750363	-0.0122387680927	-0.0485386991626	0.00423706514559	-0.00661837946693	0.00271023098295	-0.0165372951191	-0.00993987453501	-0.00287727241488	-0.0165309921843	0.00373275799016	0.000641611198448	-0.0112999619893	0.012822730789	0.00506470767008	0.00544219184181	0.0	0.0	0.0	0.0	0.0	0.0	0.0	0.0	0.0	0.0	0.0
180.1	0.0582730856091	0.132409804115	0.0459483135532	-0.0169183981486	-0.117824928004	-0.0809856936383	-0.0587920880438	0.0117748033802	-0.0454174671721	-0.0190973015528	0.0998275090103	-0.0372301281677	-0.0507777414018	-0.0128462643927	0.0581849284332	0.0125991802613	-0.0591402295256	-0.0268410142917	0.00205054232769	0.0129342826933	-0.0492185407279	0.0505838054931	0.00216960453538	0.0111417626032	0.00708049016352	-0.00607470725719	-0.0172475444005	0.0235637727496	-0.0238260007656	0.00589979772088	-0.000273956769266	0.00915489493043	-0.0218266578407	-0.00708795154727	0.00815200082406	0.00331366630938	0.00180060022872	-0.000976552220631	0.0	0.0	0.0	0.0	0.0	0.0	0.0	0.0	0.0	0.0	0.0
181	-0.0829111010358	-0.0783900939503	-0.119379098857	-0.0468460902049	0.0726860075392	-0.0813210642828	0.0755159431749	0.0678277575157	0.129473739234	-0.0201114457814	0.0168126295003	-0.0229815559054	-0.0398344990579	-0.037641244337	-0.0187816158199	0.0036662634617	-0.0129907265346	0.0172425227686	-0.030474033569	0.0422473498401	0.00783620924363	0.0229988270849	-0.0149789512643	0.0320866178417	0.00702344289837	0.0124811347603	0.00744704700597	0.0237621129538	0.0166227050665	0.0106073683175	0.0165038480811	-0.00312598992688	0.00423645291473	0.0256525398725	-0.0190399495084	-0.0105098568931	-0.00657659735673	0.00504543473907	0.0	0.0	0.0	0.0	0.0	0.0	0.0	0.0	0.0	0.0	0.0
181.1	0.0348575902419	0.0212143464224	-0.0223812949763	0.0139383959453	-0.0305018083576	-0.013898333889	0.0389009797966	-0.0228233585525	-0.0487924398741	0.00556707033258	0.0230913936739	-0.00400068796494	-0.0141808173642	-0.0327820397329	0.0423472100699	-0.0362245573506	-0.0406293347829	-0.020638175247	-0.0245167804391	0.0749562478237	-0.0413073722006	-0.0145613947507	0.0670543758358	-0.00897315790854	-0.0258660941181	-0.00544893986365	-0.0145562647503	0.00366172079406	-0.0173391593922	-0.0338437279545	-0.00807056753978	-0.0170763442157	0.0193835004111	0.00193988694683	-0.0146549801591	-0.00567014794119	0.00486235616142	0.00550346757585	0.0	0.0	0.0	0.0	0.0	0.0	0.0	0.0	0.0	0.0	0.0
202	0.0569858875776	-0.0717857865798	-0.045240880057	-0.0447584749011	-0.0222000957827	0.0362656322143	0.0458874778583	-0.0113037896778	-0.0416582179995	0.0448078228921	-0.0281277878016	0.0179187659001	0.0655952498695	-0.0379484716369	-0.0128544612035	-0.0250118394006	0.0155941803611	0.0467377290195	-0.0097259069867	0.0462670299477	0.00669649500645	-0.00220106700513	-0.0183930451919	0.0157579235317	0.0124765103295	0.0323984499124	-0.0397796495733	0.0399549580385	-0.0181523456146	0.0431029727691	0.0111316321644	0.00153649494205	-0.0262548409052	0.0123526595187	-0.00161054593206	0.0169896611984	-0.00531299423093	-0.00228376245532	0.0	0.0	0.0	0.0	0.0	0.0	0.0	0.0	0.0	0.0	0.0
205	0.0797521323258	-0.0713571649676	-0.0778391435513	-0.0375163396287	-0.0894638393404	-0.000414464972512	0.0475646709779	-0.0210151222009	-0.0420982134765	0.104144441487	0.0192160540742	0.0542441364901	0.0192881506811	-0.0563225967578	-0.071068755973	-0.0111795797041	0.0176666805701	-0.0332460678113	0.00645839860525	-0.0323198949557	-0.0326879349293	0.0282695675418	-0.00959006869966	-0.0286587272506	-0.0180677467287	-0.00573447009566	-0.00492902654353	-0.0105399131169	-0.0137181626446	-0.00563578024823	0.0134098107552	0.0155774901236	0.0027677534644	0.000150766582084	0.0087008392935	-0.000550991948474	0.00792799873757	-0.000858727691048	0.0	0.0	0.0	0.0	0.0	0.0	0.0	0.0	0.0	0.0	0.0
208	0.0395553326995	-0.160041940574	-0.0287947916124	-0.00136271151033	0.0281696778618	0.0376240189908	0.0344583757804	0.0481709841315	0.0470280234948	-0.0114590820055	0.0186710934975	0.0145235756308	-0.022682369462	0.0191049579987	0.00883980532607	0.0372399648665	0.00930390102189	0.0681423362587	0.00842915796729	0.0556536196564	-0.00908006493899	0.0176657462887	0.0116120093607	0.0261301561295	-0.00773941213501	-0.0240713261344	0.033334598352	0.00957656404178	-0.00731746130792	-0.0193665670553	0.00875636183452	0.0200871738339	0.00856232890942	-0.0236324637315	0.0276193248095	0.00549633180998	-0.00436504334412	-0.0104549666002	0.0	0.0	0.0	0.0	0.0	0.0	0.0	0.0	0.0	0.0	0.0
209	0.0011782076428	-0.187956942344	-0.106517362259	-0.128607398667	0.0199052853875	-0.029010908497	0.0118032490569	0.0786005588519	0.018780053956	0.0989472936895	0.0288014298504	0.0185459012496	0.011725972721	0.0299157866777	-0.00301876053191	-0.0663765310354	0.00839772351608	0.0039459691898	-0.00815305752485	0.00229278194544	-0.014172808339	-0.00120633050535	-0.0156762862537	0.0396998233017	0.0135264576136	-0.0575739252261	0.0113294629119	-0.00920412988045	-0.00829235100625	-0.0113912616282	-0.011471762181	-0.0171539757108	-0.00627949642642	-0.0173273973678	0.009641826985	-0.00190860219444	-0.00450433791214	0.00595703581122	0.0	0.0	0.0	0.0	0.0	0.0	0.0	0.0	0.0	0.0	0.0
216	0.0420265059459	-0.314107628791	-0.0533300507949	-0.0561887568707	-0.0464884326796	0.0416921971945	-0.101235906531	-0.0502838737915	-0.0179330285538	0.0664097851581	0.0154299447408	-0.0875214642094	-0.034820567251	-0.0657976677467	0.00506980827524	0.0265843476972	0.019099430533	-0.0553397193207	-0.00013298605717	-0.0315577282817	0.0148570683106	-0.0116670925122	0.002998511772	-0.00791596945712	-0.0182363383255	-0.0102924466693	-0.0141182009374	0.0117335939677	0.0399742703279	-0.000514053121677	0.0267822028336	-0.0128475358466	0.0112923360772	0.00797369093244	0.00663382700792	-0.00268664130758	-0.00647522786294	-0.00458897403456	0.0	0.0	0.0	0.0	0.0	0.0	0.0	0.0	0.0	0.0	0.0
217	0.0931273387789	-0.101893555159	0.0340452899493	-0.00637688469069	-0.03504790504	0.118273472105	0.0163424063234	-0.0701988407164	0.0190384900912	0.0647957266513	0.0616972666501	-0.00365600573655	-0.00728052327954	0.0132727398401	0.0790753903107	0.0149503076557	0.0159105433694	-0.0356794492516	0.0245240790449	0.044878530423	0.0415041110716	-0.0137148405409	-0.0171562098938	0.00718799972217	-0.00908359402892	-0.00781469996868	0.00955384762883	-0.0212946243177	-0.00333908006702	0.00462208977871	-0.014409261383	0.00205018294424	-0.0151297644122	0.0222089589723	-0.0097484366445	-0.0100367648725	-0.00609581337956	-0.00171512049389	0.0	0.0	0.0	0.0	0.0	0.0	0.0	0.0	0.0	0.0	0.0
26	0.0244234138648	-0.309776911714	0.0494190741319	0.034068124578	0.0357227725932	0.040725647906	-0.0258828892409	-0.107690386897	-0.0300059765669	-0.0642100080777	-0.0666232267027	0.00831267220402	-0.0178175672013	-0.0312555739514	0.030283126599	-0.00716429459751	-0.0507074838562	0.0633642380094	-0.00996090625029	-0.0308012411655	-0.0140070499396	0.00921748767246	-0.012550637436	-0.00312543722747	0.0122909947979	-0.0121771235088	-0.0252774801996	-0.00976210682345	-0.0208221096902	0.00287945699636	-0.00104831680274	-0.00942194581753	0.00426853135881	-0.0107170667153	-0.00298430828258	-0.00396738406389	0.00235647624067	0.00417811026055	0.0	0.0	0.0	0.0	0.0	0.0	0.0	0.0	0.0	0.0	0.0
27	0.0341351217268	-0.325138921273	0.0360695439737	-0.0991012440243	0.02427507858	0.0985190390171	0.00899143321269	-0.0542335901581	0.0963603230415	-0.0139093880431	-0.0611318623974	-0.0314617168013	0.01170610622	0.0156077255775	0.0170994300872	-0.0111515176467	-0.0853856438892	-0.0218702822072	0.0080773854681	0.0117902239039	0.026490285518	0.0123305749368	-0.00236353868511	-0.0138722480513	0.00770952570876	0.0203172306384	0.0124262631688	-0.0034163739221	-0.0110001799298	0.0160867766682	-0.0217028802223	-0.00125818003278	0.00690963412113	-0.0185182034153	0.00259629110642	0.00581786588302	0.00568916639778	0.000213828861316	0.0	0.0	0.0	0.0	0.0	0.0	0.0	0.0	0.0	0.0	0.0
29	0.0647156895062	0.0155508184825	0.0518027803295	0.0951551129593	-0.00187081459758	0.075172562758	0.0479491729057	0.0723372093165	-0.0972253866104	0.0334091091629	-0.016514657915	-0.00621659125316	-0.0271739761319	0.0269533327763	0.00919531114126	-0.0267936726795	0.00804403501805	0.0412680394056	-0.0530184564686	-0.0372767219561	0.0157292689477	-0.0405630798513	0.00939077468015	-0.0023625383785	0.0132708725711	0.00723210292935	0.0219960817	0.0298779365988	0.00161886611827	-0.0241372896165	-0.000835392534121	-0.0375273386105	-0.00607481476373	0.00878852578082	0.00822397948869	0.00356171453582	-0.00521955462031	-0.00302379533585	0.0	0.0	0.0	0.0	0.0	0.0	0.0	0.0	0.0	0.0	0.0
30	0.0893017660288	-0.0590353002637	0.0250007102589	0.118106871211	-0.0135385793829	0.0755632831581	0.0344093813568	0.0757722599783	-0.0658275054222	0.0527274396313	0.0312924555763	-0.0351189511604	-0.0168591449281	0.00655656414814	0.0187039732001	0.0279109852032	-0.00393183292499	0.0268367705202	-0.0377880968236	-0.0569857233668	0.0169412237234	-0.00154528214262	-0.00723401010428	0.00692950630673	-0.00371411607444	0.0125232200915	-0.000169040843747	-0.0134073287961	-0.00631847948377	0.0151978375823	-0.0164687238117	0.0159022777599	-0.00924575353596	-0.0059551658946	-0.00549643326798	-0.00506721249502	-0.00528179361465	0.0114774617083	0.0	0.0	0.0	0.0	0.0	0.0	0.0	0.0	0.0	0.0	0.0
33	0.0204975729375	-0.105302642165	-0.0623033794909	0.0308253824011	0.0590302147373	0.0340369794569	0.120182644947	0.0441712518785	-0.047781441705	0.00502967425759	0.0104662558008	-0.0744454279201	0.0247169535021	0.00777136332496	-0.00601192447874	0.000972893878939	0.0411356369789	-0.0104749738454	0.0353823825383	-0.0309031850855	-0.0147488296756	0.0305973826956	-0.0139638739659	0.0285768932386	-0.0149143544045	0.01696327086	-0.00527371045319	-0.0170212195311	0.0101008556939	-0.00243438191131	-0.00868362918984	0.00648305508433	0.0124935515328	-0.0191313577169	-0.0104588908555	0.00435751968838	0.0168438071004	-0.00490209312125	0.0	0.0	0.0	0.0	0.0	0.0	0.0	0.0	0.0	0.0	0.0
34	-0.0530381502423	0.0772631656276	-0.0758253155561	0.10647578514	0.102812856077	-0.118873917124	0.0321421950049	-0.0902048166719	-0.0645498548748	0.00564642381692	0.07482952892	0.0226933487298	0.0643396118541	-0.0473532665175	0.0119402061755	0.0695262513766	-0.0626259678692	0.016830094249	0.0419477010982	-0.0250276211062	0.0069177385893	-0.0316060147801	-0.0517896215405	0.0195228679402	-0.00109472122564	0.0138111167045	0.0373638993847	0.0151429125159	-0.0105516618511	-0.00537156638146	-0.00458779848382	0.00071830486561	0.0136590661224	-0.0061783170606	-0.00223956168622	-0.00763382303673	-0.00717316880421	-0.000583166322928	0.0	0.0	0.0	0.0	0.0	0.0	0.0	0.0	0.0	0.0	0.0
36	-0.00801481338634	0.0501181438442	-0.13312779363	0.117761214866	0.0874119843728	-0.0164245109936	-0.0908444223483	-0.0389346740526	-0.00601804460325	0.0144932198329	0.000462275797626	-0.0360190708395	-0.0787270178364	0.0269233734382	-0.0543388166726	-0.0186905040785	-0.0589244558815	0.026206060197	0.0257000801894	-0.00867516568335	-0.0159697945063	0.00194773848947	-0.00410154439853	-0.00182366442009	-0.0134795834207	-0.00397584740555	-0.0220067739356	-0.0224144096985	-0.00805953688712	-0.00276065850174	0.0010627133683	-0.0109427244075	-0.00864045117579	0.0269052797792	0.0157304221307	0.00866171840823	-0.00197128437347	-0.00593031930273	0.0	0.0	0.0	0.0	0.0	0.0	0.0	0.0	0.0	0.0	0.0
37	0.0761258249092	0.150952197498	0.137798386283	0.0995109560901	0.012119325504	-0.00356588575011	-6.58490439364e-05	-0.0172307236969	0.0188594975048	0.0492768787272	0.0198281558794	-0.0155759903512	-0.0972248979167	-0.0505076175322	-0.0591453382539	-0.0791367506479	0.015572951282	0.0372373118811	0.0720209365686	0.0240660877872	0.0257470488563	0.0273543893518	-0.00881920787736	-0.0233990161665	0.0616100352873	0.00698119828004	0.00665020050246	0.00965570077116	0.0231683148574	0.00431664933836	-0.0155746366565	0.00199100586953	0.0019642826368	-0.00949857468122	-0.00306037488513	-0.011400098188	0.00568048561335	0.0010389358176	0.0	0.0	0.0	0.0	0.0	0.0	0.0	0.0	0.0	0.0	0.0
38	0.0124108872521	-0.0519995391834	0.0112454347975	-0.0388608080446	0.102769240618	0.00811253734585	0.0379356988786	0.018597475648	0.00500837827023	-0.0646567973272	0.0356048635311	0.0669824419787	-0.0411859367744	0.0581849275393	-0.0428534843284	0.0154610683291	-0.031173358742	-0.0278668438374	0.00555756289113	-0.0406996454112	-0.0215478100262	-0.0264739250994	0.0328069736283	0.0322124216837	-0.0129554162691	-0.0148740127989	-0.0311959630144	0.00582360425935	0.0310078370577	0.0389636477882	0.000198892651277	0.00950101636807	-0.00659897229722	0.00356360779723	0.0213129129743	-0.0107615976017	0.00314026271166	0.00562840657789	0.0	0.0	0.0	0.0	0.0	0.0	0.0	0.0	0.0	0.0	0.0
39	0.0117361997024	0.0747577108423	0.0685810286617	0.1067159818	0.0431183234399	-0.010448479123	0.0230913728932	-0.0557082376998	0.030577356045	-0.00969271666842	-0.0273957434532	0.0104985284668	0.00258700869305	-0.0503897801696	0.0235444013394	-0.0723975870475	0.00165920388552	-0.0252813856134	-0.00719782468702	-0.0273487199207	0.00483001246242	-0.0593316205595	0.0485080779697	0.0388842273513	0.00555403320342	-0.0291053134833	-0.00844422975344	0.00597979722033	0.0125445229712	-0.0016898891893	0.0165139784219	0.0386572912	-0.010286456467	-0.0227282006367	-0.021326414699	0.00377821306195	-0.0090937351566	-0.0062739195681	0.0	0.0	0.0	0.0	0.0	0.0	0.0	0.0	0.0	0.0	0.0
43	0.0712705545217	0.0172417831253	0.0610751934471	0.011472338591	-0.00694290992655	0.0651632045358	0.0399939011386	-0.048374380705	-0.0134801613451	-0.0423337077945	0.0500804752274	-0.000672784018159	0.0319640171255	0.0378611302218	0.0116758216058	0.00165738934208	0.037415104792	-0.0369832011295	0.0143294241033	0.02990080496	-0.0642743357053	-0.0291468375113	-0.0115107364156	-0.017871121264	0.0184791808713	0.0213110062869	0.0196037664622	0.0167276272316	0.0279216664582	0.00374707267443	-0.00816251982377	-0.00673354938166	-0.0349672084856	-0.00592783447087	0.00979765629038	0.00396919307614	0.0060086727565	0.0015873953343	0.0	0.0	0.0	0.0	0.0	0.0	0.0	0.0	0.0	0.0	0.0
44	0.0671954553883	0.0280780144727	-0.00223839349576	0.0575834367213	0.00380548196437	0.0178644871521	-0.0212965251273	0.0363831397134	0.0172612885013	-0.0639342078115	-0.0013094623442	-0.0349663306568	0.0640757680006	0.0134446426395	-0.00983780210666	0.0267071826575	0.0459110462382	-0.0431115587165	0.0212293478843	-0.0124694614159	-0.0227783527111	0.00133876082451	0.00740069470542	-0.00719500500051	0.0767670126005	-0.0362216839333	-0.0127691054271	0.00443810099943	-0.0418930968063	0.0247564971348	0.0165360114902	-0.0341971449863	0.0202434043189	-0.00424191603741	-0.00356160812358	-0.0129250887816	-0.00424140680952	-0.00328665983943	0.0	0.0	0.0	0.0	0.0	0.0	0.0	0.0	0.0	0.0	0.0
45	-0.0321017466484	0.0237806933918	-0.0628651234295	0.00554370322779	0.0980894949649	-0.0121852643621	0.206751432975	-0.0018836692918	-0.0131930418482	0.00323013533921	-0.0392506986418	0.024534764796	-0.012751188745	0.0414373636103	-0.00482195292614	0.0441401463855	-0.0251474209298	-0.0295142732443	0.028170751824	0.0103841437767	0.0173662911201	0.0240969422543	0.00285676153414	-0.0508436604683	-0.0155242550258	-0.0222263511247	-0.0135276112078	0.00295408743388	0.0182179155014	-0.013839409045	0.0165543872454	-0.0165948366843	-0.0205901249797	-0.00294830496108	-0.0211995150176	-0.000285280285892	0.000889530014921	-0.00202803388619	0.0	0.0	0.0	0.0	0.0	0.0	0.0	0.0	0.0	0.0	0.0
51	0.0270167878939	0.0480390745842	-0.069243270689	-0.0385210371465	-0.0543941850862	-0.080720085557	-0.0490349062911	-0.0203261215533	-0.0757263587276	-0.0277790850237	0.0409460866159	0.00980947899361	0.0583909321615	0.0379208032253	-0.0508214450215	-0.0403739316028	-0.0241729446136	-0.00426401077941	0.0101643939059	-0.00170868641113	0.068118506771	0.0441103025561	0.0555705195324	-0.0183349255706	-0.0163107999264	-0.00647172527009	0.0244617068043	-0.0151272071223	0.0136310647074	0.0236466365539	-0.0136181541125	-0.0169698160533	-0.00350074475957	-0.0149614179247	-0.00970827923615	0.0120937228322	-0.0131097570234	0.000223036223069	0.0	0.0	0.0	0.0	0.0	0.0	0.0	0.0	0.0	0.0	0.0
52	0.0449984769503	-0.145517079234	0.0224351329845	-0.0681615729133	-0.0356892542037	-0.0566105227275	-0.113055959323	0.0143676050645	-0.0608788999207	0.00656514419908	0.000757641229681	-0.0617797003414	0.0348276561243	0.0948106765258	-0.026221888715	-0.00253157359416	0.019980696621	0.047506638671	0.0312700163816	0.0251454565038	0.00444982390249	-0.0243574697189	0.0292154417332	0.0271923888832	-0.0110305233513	0.0311586038647	0.0116758481051	-0.0156452602399	-0.00984603905973	0.00230345629785	0.0262079845733	0.0162556899771	-0.00666948761072	0.00498845769038	-0.01907364189	-0.0183781276903	0.00969900602128	-0.000114805204387	0.0	0.0	0.0	0.0	0.0	0.0	0.0	0.0	0.0	0.0	0.0
55	0.0418964104599	-0.295318992845	-0.00260535219336	-0.0107184911993	-0.0187369020987	-0.0607882017315	-0.0738165130249	0.0143948544118	0.105840313324	-0.0447555372149	0.0718083870912	0.0717023606018	0.00481085291039	-0.024655409829	-0.0257797497099	0.00865972950518	0.0372100292409	-0.0372984733077	-0.0176611520071	-0.0468213247657	0.0319149659868	-0.00212009609709	0.0134590502194	-0.0142898675208	0.0218936198974	0.0249354201932	0.00881340882559	0.0235309375829	-0.0137723925188	-0.0318853015705	-0.0202536669904	0.00633626435927	-0.00822211332177	0.00758036767399	-0.00633135714066	0.00675716682375	0.00388815455888	0.000516681216553	0.0	0.0	0.0	0.0	0.0	0.0	0.0	0.0	0.0	0.0	0.0
56	0.0569723776895	-0.111310294285	-0.00267260278455	-0.0570542943584	0.048620002008	-0.0154835378931	-0.0140879127502	0.0091333832974	-0.013842848047	-0.0216691267058	-0.0138190321121	0.0302800079118	-0.0410675671792	0.0617257994608	0.0195725409733	-0.00861102721785	0.0414415481908	0.0173202220328	0.00882248670385	-0.0223458578219	-0.076691817651	0.023342342217	-0.0138671890077	-0.0492583449452	0.00808725118996	0.0095632793115	-0.00355900127287	-0.0158889326301	-0.0101592228517	-0.00440194197544	-0.0123269384836	0.0258167080981	0.0078009920699	0.0126402831068	-0.0228738562007	0.00483984609144	-0.0228682536685	-0.00283685354632	0.0	0.0	0.0	0.0	0.0	0.0	0.0	0.0	0.0	0.0	0.0
57	-0.0112869014448	0.122740573258	0.0639199946084	-0.196789481013	-0.113411202855	-0.146253286613	-0.00500532829544	-0.0178017423324	0.020880272811	0.0531686084646	-0.0812534763037	0.0270503574646	0.0194064403156	0.0203603540198	0.0482232230838	-0.00703972140614	-0.00923446858026	0.0222409916464	0.0350677305693	-0.0277890881587	0.00370311755171	-0.0189818168201	-0.0385874155377	-0.00850140385726	0.010840576888	0.00295579563796	-0.0236625164623	0.000628403186671	0.0164155325838	-0.0234752004916	0.0116670441154	-0.00444570026893	-0.00992840393523	-0.0139546125747	0.0081845789597	-0.00695645093786	-0.00275631255305	0.00319622713795	0.0	0.0	0.0	0.0	0.0	0.0	0.0	0.0	0.0	0.0	0.0
58	0.0648203143952	0.0698752055231	0.128130934309	-0.0376874039484	-0.00721685103808	-0.0113739546538	-0.0223663913863	0.123653946142	0.00854827133416	0.0382272048363	-0.0504458861152	0.0182029206633	0.0468930858677	-0.0111290215197	-0.0331606122436	-0.0252765581251	-0.101193295405	-0.0542361881867	-0.00972629127634	-5.53403081315e-05	-0.0242796349548	-0.0307671013357	-0.0200145330397	0.00633056963644	0.00570883654131	0.00145946954659	0.0274034726743	-0.008266086863	-0.00412726509913	0.0144733189301	-0.00965948553139	0.00243889451197	0.00206903191328	0.0197141986649	-0.00598142231329	0.001244127466	0.00522181625664	-0.0081772675532	0.0	0.0	0.0	0.0	0.0	0.0	0.0	0.0	0.0	0.0	0.0
59	0.104560218984	-0.00331536644913	0.0296096619253	0.0306397337046	-0.0976021420494	0.0996102728216	-0.00330833685998	0.124098248066	-0.0585654382036	-0.0860880176872	-0.0571910517524	0.00706055973992	0.0179606429045	-0.0384958889264	-0.0140987478402	-0.00134047888579	-0.0397811930332	-0.0249883371047	0.0176529274819	0.00729653696492	0.005951611007	0.0297378384165	-0.0048464903223	-0.0107284097229	-0.00309502178024	0.0216707358054	0.0127265585161	0.000165562793324	0.0169405570123	-0.029464654462	0.0144533591013	0.0194339144553	0.00479479105962	0.00540289770526	0.00997584913109	-0.0120576164115	-0.0102253999039	0.002504258	0.0	0.0	0.0	0.0	0.0	0.0	0.0	0.0	0.0	0.0	0.0
60	0.102006144873	0.12264448728	0.0185871870942	-0.00091945043519	-0.147255317724	0.0423065570884	0.0244460835784	0.0415337453077	0.0258766148931	-0.107893831361	0.0264430159499	-0.00248992821215	0.0100265170362	-0.0292082366756	0.0474902035782	-0.028623062341	0.0151417585924	0.0273086025481	0.0555387071047	-0.0288449316243	0.0191361618885	0.0142985755418	-0.0317959243251	0.0352450065851	-0.0254541088358	-0.0376918052341	-0.00219231304985	-0.011673454216	0.00823257799769	0.00352551032141	0.00985348734834	-0.00619402344329	0.0101659757845	0.0204462890201	-0.009543569145	0.0201098876048	0.00554939514957	0.0038044555742	0.0	0.0	0.0	0.0	0.0	0.0	0.0	0.0	0.0	0.0	0.0
61	0.0389923168923	-0.025315024487	0.0833261838149	0.0869800483111	0.0641441231215	-0.0607433973556	-0.0466211730292	-0.0207742444521	-0.014216144483	0.0158449564082	-0.0458491219377	0.0119245762541	-0.00864310947962	0.0101605684977	0.00130667806094	0.0694819276267	-0.000463453344863	-0.0258723954029	-0.0346575203501	0.00933037926559	0.0182849296078	0.0415109751082	0.0130389139216	0.044197562305	0.0544182336074	0.00551885557816	0.00315824082223	-0.0362100271097	0.00647423150469	-0.0324448264553	0.0226421891931	-0.00383497646764	-0.0264523678711	0.00453664312679	-0.00279787489849	0.0158446607276	0.00658846258687	0.00299985008554	0.0	0.0	0.0	0.0	0.0	0.0	0.0	0.0	0.0	0.0	0.0
62	0.0153947037928	0.0292742879655	0.122604040983	0.0758054014538	0.109041960678	-0.0854451435564	-0.0523960033119	-0.0301328312266	-0.0615251420911	0.00117705394356	-0.102035586878	-0.029246058809	0.00660942076786	0.0235972608628	-0.00922489463381	-0.00341609630393	0.0640459608458	-0.0651338861795	-0.00627979893423	0.0381611016639	0.0171055467177	0.0287041686154	-0.0353304761001	0.0295227051936	-0.039571048682	-0.0291278496108	-0.00372283577211	0.0297158535702	-0.00627682399741	0.000864873711397	-0.0334488170927	0.0111457981025	0.0107118965383	0.0102720402167	0.0102899490681	-0.000385005204021	-0.00324170230986	0.00306744691543	0.0	0.0	0.0	0.0	0.0	0.0	0.0	0.0	0.0	0.0	0.0
74	0.0940916633521	0.120649188609	0.0492716925383	-0.0374276945479	-0.155666803755	0.0109882530692	0.0496969802495	-0.0196143925164	0.0479004509618	-0.0377247979337	-0.018685568433	-0.0169565942861	-0.0647580223075	0.044569659256	-0.0521785137888	0.0660965235495	0.00797839465279	-0.00743248360855	0.0346078158107	0.00725452863294	0.0450539620409	-0.0437578692098	0.00781558881108	0.00398318442081	-0.0206078030225	0.00664372833155	-0.0133974020434	0.0114799863607	-0.0267689461936	-0.00882316131251	-0.0074611822254	-0.00589638196734	-0.00380995246011	-0.00900118034424	0.00919903359126	-0.000784074557554	-0.00786970474148	-0.00100424270366	0.0	0.0	0.0	0.0	0.0	0.0	0.0	0.0	0.0	0.0	0.0
76	-0.00029073886489	0.168467448689	-0.0516309701549	-0.0769152445093	-0.0967375155643	-0.0773321103235	0.0973444069387	-0.00479402088782	0.0237513682075	0.0453930939626	-0.0673862597412	-0.0570653036369	-0.0377188522486	-0.0397086652763	0.0164343510551	0.0627840611569	0.0208792991438	0.0137746962657	-0.0242304333299	-0.0405033478972	-0.0155295299469	0.00934750909785	0.0610172246867	0.0103248687901	0.0120283686762	0.0136457328395	0.0153096771129	0.00702720662277	-0.0119943249535	0.0229237629054	-0.0257424374689	0.00688012976908	0.00927197510369	0.0060629854889	0.00132593549702	0.00168972656052	0.00341196007786	-0.00178759362411	0.0	0.0	0.0	0.0	0.0	0.0	0.0	0.0	0.0	0.0	0.0

Biplot	0	0

Site constraints	0	0
