# Constructed from biom file
#OTU ID	175	133	43	180	232	233	61	178	229	103	137	163	164	165	169.1	170	170.7	171.7	172	174.1	194.3	195.3	208	220	231	36	375	376	380	385	389	409	44	45.1	56	63	64	202	62	156	172.1	179	180.1	181.1	205	207	216	221	26	27	364	366	382	39	392	394	408	52	66	134	171	188	228	386.3	365	406	234	86.2	60	55	161	162	226	34	235	58	74	57	176	388	407	51	88.2	206	230	210	155	185	217	29	37	38	381	393	59	395	387.3	383	138	181	76	167	209	30	33	65	236	117	237
U;n;a;s	0.0	0.00312389479094	0.0	0.0	0.00211166398809	0.00678309291657	0.0	0.00267049780438	0.0	0.0	0.0	0.0	0.0	0.0	0.0	0.0	0.0	0.00211002052062	0.0	0.00290693835792	0.0	0.0	0.0	0.0	0.0	0.0	0.00324405353806	0.0	0.00469620642573	0.0	0.0	0.0	0.0	0.0	0.0	0.0	0.0	0.0	0.00473468356659	0.0	0.0	0.0	0.0	0.0057820973308	0.0	0.0	0.0	0.0	0.00833047505919	0.0	0.0	0.0	0.0	0.0	0.0	0.0	0.0	0.0	0.0	0.0	0.0	0.0	0.0	0.0	0.0	0.0	0.00341803654724	0.0	0.0	0.0	0.0	0.0	0.0	0.0	0.0	0.0	0.0	0.0	0.0	0.00390294906849	0.0	0.0	0.0	0.0	0.0	0.0	0.0	0.0	0.0	0.0	0.0	0.0	0.0	0.0	0.0	0.0	0.0	0.0	0.00803779979732	0.0	0.0	0.0	0.0	0.0	0.0	0.0	0.0	0.0	0.0
k__Archaea;p__Euryarchaeota;c__Methanobacteria;o__Methanobacteriales	0.0	0.0	0.0	0.0	0.0	0.0	0.0	0.0	0.0059519370996	0.0	0.0	0.0	0.0	0.0	0.0	0.0	0.0	0.0	0.0	0.0	0.0	0.0	0.0	0.0	0.0	0.0	0.0	0.0	0.0	0.0	0.0	0.0	0.0	0.0	0.0	0.0	0.0	0.0	0.0	0.0	0.00941023076449	0.0	0.0	0.0	0.0	0.0	0.0	0.0	0.0	0.0	0.0	0.0	0.0	0.0	0.0	0.0	0.0	0.0	0.0	0.0	0.0	0.0	0.0	0.0	0.0	0.0	0.0	0.0	0.0	0.0	0.0	0.0	0.0	0.0	0.0	0.0	0.0	0.0	0.0	0.0	0.0	0.0	0.0	0.0	0.0	0.0	0.0	0.0	0.0	0.0	0.0	0.0	0.0	0.0	0.0	0.0	0.0	0.0	0.0	0.0	0.0	0.0	0.0	0.0	0.0	0.0	0.0	0.0	0.0
k__Bacteria;p__Acidobacteria;c__Acidobacteriia;o__Acidobacteriales	0.0	0.0	0.0	0.0	0.0	0.0	0.0	0.0	0.0	0.0	0.0	0.0	0.0	0.0	0.0	0.0	0.0	0.0	0.0	0.0	0.0	0.0	0.0	0.0	0.0	0.0	0.0	0.0	0.0	0.0	0.0	0.0	0.0	0.0	0.0	0.0	0.0	0.0	0.0	0.0	0.0	0.0	0.0	0.0	0.0	0.0	0.0	0.0	0.0	0.0	0.0	0.0	0.0	0.0	0.0	0.0	0.0	0.0	0.0	0.0	0.0	0.0	0.0	0.0	0.0	0.0	0.0	0.0	0.0	0.0	0.0	0.0	0.0	0.0	0.0	0.0	0.0	0.0	0.0	0.0	0.0	0.0	0.0	0.0	0.0	0.0	0.0	0.0	0.0	0.0	0.0	0.0	0.0	0.0	0.0	0.0	0.0	0.0	0.0	0.0	0.0	0.0	0.0	0.0	0.0	0.0	0.0	0.0	0.0
k__Bacteria;p__Acidobacteria;c__DA052;o__Ellin6513	0.0	0.0	0.0	0.0	0.0	0.0	0.0	0.0	0.0	0.0	0.0	0.0	0.0	0.0	0.0	0.0	0.0	0.0	0.0	0.0	0.0	0.0	0.0	0.0	0.0	0.0	0.0	0.0	0.0	0.0	0.0	0.0	0.0	0.0	0.0	0.0	0.0	0.0	0.0	0.0	0.0	0.0	0.0	0.0	0.0	0.0	0.0	0.0	0.0	0.0	0.0	0.0	0.0	0.0	0.0	0.0	0.0	0.0	0.0	0.0	0.0	0.0	0.0	0.0	0.0	0.0	0.0	0.0	0.0	0.0	0.0	0.0	0.0	0.0	0.0	0.0	0.0	0.0	0.0	0.0	0.0	0.0	0.0	0.0	0.0	0.0263852690003	0.0	0.0	0.0	0.0	0.0	0.0	0.0	0.0	0.0	0.0	0.0	0.0	0.0	0.0	0.0	0.0	0.0	0.0	0.0	0.0	0.0	0.0	0.0
k__Bacteria;p__Acidobacteria;c__RB25;o__	0.0	0.0	0.0	0.0	0.0	0.0	0.0	0.0	0.0	0.0	0.0	0.0	0.0	0.0	0.0	0.0	0.0	0.0	0.0	0.0	0.0	0.0	0.0	0.0	0.0	0.0	0.0	0.0	0.0	0.0	0.0	0.0	0.0	0.0	0.0	0.0	0.0	0.0	0.0	0.0	0.0	0.0	0.0	0.0	0.0	0.0	0.0	0.0	0.0	0.0	0.0	0.0	0.0	0.0	0.0	0.0	0.0	0.0	0.0	0.0	0.0	0.0	0.0	0.0	0.0	0.0	0.0	0.0	0.0	0.0	0.0	0.0	0.0	0.0	0.0	0.0	0.0	0.0	0.0	0.0	0.0	0.0	0.0	0.0	0.0	0.0197767573286	0.0	0.0	0.0	0.0	0.0	0.0	0.0	0.0	0.0	0.0	0.0	0.0	0.0	0.0	0.0	0.0	0.0	0.0	0.0	0.0	0.0	0.0	0.0
k__Bacteria;p__Acidobacteria;c__[Chloracidobacteria];o__RB41	0.0	0.0	0.0	0.0	0.0	0.0	0.0	0.0	0.0	0.0	0.0	0.0	0.0	0.0	0.0	0.0	0.0	0.0	0.0	0.0	0.0	0.0	0.0	0.0	0.0	0.0	0.0	0.0	0.0	0.0	0.0	0.0	0.0	0.0	0.0	0.0	0.0	0.0	0.0	0.0	0.0	0.0	0.0	0.0	0.0	0.0	0.0	0.0	0.0	0.0	0.0	0.0	0.0	0.0	0.0	0.0	0.0	0.0	0.0	0.0	0.0	0.0	0.0	0.0	0.0	0.0	0.0	0.0	0.0	0.0	0.0	0.0	0.0	0.0	0.0	0.0	0.0	0.0	0.0	0.0	0.0	0.0	0.0	0.0	0.0	0.0	0.0	0.0	0.0	0.0	0.0	0.0	0.0	0.0	0.0	0.0	0.0	0.0	0.0	0.0	0.0	0.0	0.0	0.0	0.0	0.0	0.0	0.0	0.0
k__Bacteria;p__Actinobacteria;c__Acidimicrobiia;o__Acidimicrobiales	0.0	0.0	0.0	0.0	0.0	0.0	0.0	0.0	0.0	0.0	0.0	0.0	0.0	0.0	0.0	0.0	0.0	0.0	0.0	0.0	0.0	0.0	0.0	0.0	0.0	0.0	0.0	0.0	0.0	0.0	0.0	0.0	0.0	0.0	0.0	0.0	0.0	0.0	0.0	0.0	0.0	0.0	0.0	0.0	0.0	0.0	0.0	0.0	0.00431946561318	0.0	0.0	0.0	0.0	0.0	0.0	0.0	0.0	0.0	0.0	0.0	0.0	0.0	0.0	0.0	0.0	0.0	0.0	0.0	0.0	0.0	0.0	0.0	0.0	0.0	0.0	0.0	0.0	0.0	0.0	0.0	0.0	0.0	0.0	0.0	0.0	0.0	0.0	0.0	0.0	0.0	0.0	0.0	0.0	0.0	0.0	0.0	0.0	0.0	0.0	0.0	0.0	0.0	0.0	0.0	0.0	0.0	0.0	0.0	0.0
k__Bacteria;p__Actinobacteria;c__Actinobacteria;o__Actinomycetales	0.0	0.0	0.0	0.0	0.0134636259123	0.0196263848618	0.0	0.00213647241369	0.00220541702091	0.0	0.0137749779983	0.0	0.00825772299998	0.0	0.00712445815188	0.00366158752711	0.0	0.0	0.00368914062655	0.00290693835792	0.0	0.0	0.0	0.0180044565089	0.0462952845102	0.0184830049778	0.00324405353806	0.0	0.00298589652391	0.0	0.0	0.0	0.0	0.0	0.0	0.0153710546972	0.0	0.0	0.00473468356659	0.0	0.0	0.00256893755198	0.0	0.0	0.0	0.0	0.0	0.00807281572863	0.0	0.0	0.00547347088126	0.0	0.0	0.0	0.0	0.00450643333987	0.0	0.0	0.0	0.00391659567487	0.00790935557105	0.00211810863951	0.0265156972404	0.0288575913894	0.0	0.0167743789167	0.0	0.00513815784886	0.0	0.0	0.0	0.0	0.0	0.0416295572681	0.0036371949148	0.0	0.0	0.0	0.0	0.010643433125	0.0	0.00926762208267	0.0	0.0109831778163	0.00901835746332	0.036357019455	0.0	0.00364572120375	0.0	0.00484504580795	0.0	0.00583730946725	0.0	0.0	0.0	0.0	0.00602205147273	0.0	0.0122299718535	0.0	0.0	0.0232526855665	0.0	0.0	0.0	0.0	0.0	0.0119116664401	0.0103748025932
k__Bacteria;p__Actinobacteria;c__Actinobacteria;o__Bifidobacteriales	0.0217616191792	0.0102874406566	0.033743434111	0.0	0.00386301022314	0.00353200682824	0.014545073889	0.0113102127535	0.0222681699502	0.0	0.00287585694707	0.0146369741864	0.0187853507238	0.0166408989368	0.0331013424364	0.020707441363	0.00965940073925	0.0108178398323	0.0	0.0301846213732	0.0101609827271	0.0323160107625	0.020370861524	0.0152286823964	0.0163937365896	0.0073664488765	0.0	0.0189795922269	0.0195914537796	0.0368566645244	0.0	0.0	0.0136671868439	0.0278792033191	0.0	0.00913218692784	0.0167942882239	0.021484410772	0.0	0.0291369445207	0.0107962617299	0.0229843195381	0.0331535428341	0.0	0.0	0.0163973648745	0.0144847914221	0.00749539046295	0.0156583056842	0.0311944090307	0.0143107889472	0.00896719072304	0.0222384431591	0.0285709517657	0.00578122102473	0.0225463540968	0.0205933974196	0.0	0.0156388935517	0.0209016776477	0.0343040033206	0.0166556119891	0.0	0.00627299504996	0.0324246101325	0.0	0.0214121752937	0.01715282712	0.0199230276958	0.0	0.023594396909	0.017858247768	0.0	0.0249718819216	0.024425698531	0.0	0.0173723429487	0.0	0.0285295737746	0.0	0.0	0.0	0.0118127552748	0.0	0.0218998394372	0.0	0.010294154716	0.0	0.0308693171186	0.0126574010077	0.0131601653902	0.0158873932044	0.0	0.0315024081301	0.0159666682448	0.0	0.0363312606175	0.0	0.0146448984398	0.0189775471991	0.0153551297086	0.0	0.0	0.0147300058997	0.0245860053013	0.0	0.0206269809951	0.0	0.0513595242845
k__Bacteria;p__Actinobacteria;c__Actinobacteria;o__Micrococcales	0.0	0.0	0.0	0.0	0.0	0.0	0.0	0.0	0.0	0.0	0.0	0.0	0.0	0.0	0.0	0.0	0.0	0.0	0.0	0.0	0.0	0.0	0.0	0.0	0.0	0.0	0.0	0.0	0.0	0.0	0.0	0.0	0.0	0.0	0.0	0.0	0.0	0.0	0.0	0.0	0.0	0.0	0.0	0.0	0.0	0.0	0.0	0.0	0.0	0.0	0.0	0.0	0.0	0.0	0.0	0.0	0.0	0.0	0.0	0.0	0.0	0.0	0.0	0.0	0.0	0.0	0.0	0.0	0.0	0.0	0.0	0.0	0.0	0.0	0.0	0.0	0.0	0.0	0.0	0.0	0.0	0.0	0.0	0.0	0.0	0.0	0.0	0.0	0.0	0.0	0.0	0.0	0.0	0.0	0.0	0.0	0.0	0.0	0.0	0.0	0.0	0.0	0.0	0.0	0.0	0.0	0.0	0.0	0.0
k__Bacteria;p__Actinobacteria;c__Coriobacteriia;o__Coriobacteriales	0.0	0.00648796392728	0.00579997288708	0.00522051512358	0.0121603283469	0.00386440766341	0.00820886653251	0.00595697906287	0.00278185803335	0.0282899922373	0.0	0.00703569093299	0.0178405384571	0.0200860626544	0.00617618891693	0.0232435605134	0.0	0.00472959505831	0.00594118087479	0.0166824933789	0.0203568278918	0.0610904090431	0.0	0.00741050313543	0.0540631866331	0.00891501540498	0.0120419921779	0.00502069707335	0.0189136924107	0.0278818059893	0.0	0.00820936065443	0.0160548142856	0.00683747431206	0.0090784328523	0.014962120749	0.0264665741048	0.0	0.0	0.0233280453725	0.00500049903061	0.0037496894848	0.00650495048867	0.0255536561474	0.0124124177783	0.00639107358301	0.00721826949643	0.00879805804357	0.00666709981482	0.00771810854639	0.0216113752881	0.0131296532093	0.017418672374	0.00931295422614	0.00375242826373	0.00653265165038	0.00618567104356	0.00566018521256	0.0116723416985	0.0128790440952	0.00926353334103	0.0142441721786	0.00874736899805	0.0165998681813	0.00422152569617	0.0110679603943	0.00846524991608	0.0157081379122	0.0220182120383	0.0232715499643	0.0	0.00738602453076	0.0195547619557	0.038821237073	0.0107899321826	0.00792120219072	0.0	0.00810333873618	0.0142888113869	0.00836834069173	0.00818898715459	0.0194148110926	0.0046650099168	0.0266914115378	0.00630747560638	0.0	0.0178222116322	0.00519588747707	0.0	0.00741467455958	0.00497738415264	0.0068896391365	0.0106418331639	0.018395006443	0.0137101181233	0.00626877536053	0.00958014701109	0.0	0.0	0.0133241219912	0.0186259921765	0.0	0.00643770431401	0.0219100884956	0.0255695902646	0.0	0.0124894427338	0.0332939447673	0.021644312933
k__Bacteria;p__Actinobacteria;c__Thermoleophilia;o__Solirubrobacterales	0.0	0.0	0.0	0.0	0.0	0.0	0.0	0.0	0.0	0.0	0.0	0.0	0.0	0.0	0.0	0.0	0.0	0.0	0.0	0.0	0.0	0.0	0.0	0.0	0.0	0.0	0.0	0.0	0.0	0.0	0.0	0.0	0.0	0.0	0.0	0.0	0.0	0.0	0.0	0.0	0.0	0.0	0.0	0.0	0.0	0.0	0.0	0.0	0.0	0.0	0.0	0.0	0.0	0.0	0.0	0.0	0.0	0.0	0.0	0.0	0.0	0.0	0.0	0.0	0.0	0.0	0.0	0.0	0.0	0.0	0.0	0.0	0.0	0.0	0.0	0.0	0.0	0.0	0.0	0.0	0.0	0.0	0.0	0.0	0.0	0.0	0.0	0.0	0.0	0.0	0.0	0.0	0.0	0.0	0.0	0.0	0.0	0.0	0.0	0.0	0.0	0.0	0.0	0.0	0.0	0.0	0.0	0.0	0.0
k__Bacteria;p__Armatimonadetes;c__SJA-176;o__RB046	0.0	0.0	0.0	0.0	0.0	0.0	0.0	0.0	0.0	0.0	0.0	0.0	0.0	0.0	0.0	0.0	0.0	0.0	0.0	0.0	0.0	0.0	0.0	0.0	0.0	0.0	0.0	0.0	0.0	0.0	0.0	0.0	0.0	0.0	0.0	0.0	0.0	0.0	0.0	0.0	0.0	0.0	0.0	0.0	0.0	0.0	0.0	0.0	0.0	0.0	0.0	0.0	0.0	0.0	0.0	0.0	0.0	0.0	0.0	0.0	0.0	0.0	0.0	0.0	0.0	0.0	0.0	0.0	0.0	0.0	0.0	0.0	0.0	0.0	0.0	0.0	0.0	0.0	0.0	0.0	0.0	0.0	0.0	0.0	0.0	0.0	0.0	0.0	0.0	0.0	0.0	0.00418004777256	0.0	0.0	0.0	0.0	0.0	0.0	0.0	0.0	0.0	0.0	0.0	0.0	0.0	0.0	0.0	0.0	0.0
k__Bacteria;p__Bacteroidetes;c__Bacteroidia;o__Bacteroidales	0.111557917058	0.141571459928	0.245943485525	0.141399330918	0.125294068773	0.192432784943	0.170905768026	0.128900378676	0.193213630231	0.166655484753	0.192794636887	0.255765201669	0.160512097572	0.162218932429	0.218285257585	0.200654150684	0.223764431294	0.225635992642	0.21781179114	0.192023853745	0.225250713471	0.15788339378	0.126968778343	0.133022770791	0.115059598559	0.148752129987	0.197920169923	0.195679422215	0.184132761777	0.221273753393	0.213518037346	0.281691803554	0.203889804596	0.186569234935	0.133484318689	0.160117274719	0.0347482843303	0.179650265618	0.179463070808	0.14624003024	0.238819484703	0.224417994443	0.227959510713	0.292088431324	0.18632284547	0.30092863228	0.109512684755	0.159764453771	0.0438659638154	0.0404821449469	0.284107568798	0.255466470981	0.206815022894	0.201999246593	0.20235782606	0.115275736676	0.26650572135	0.143928781439	0.245513598977	0.107474915297	0.256395698802	0.124537349587	0.166472145942	0.270898158151	0.189497962122	0.214007030049	0.216681613809	0.142542087373	0.301485449924	0.0687056053903	0.230409890804	0.229620345672	0.0416326006464	0.171009635939	0.140886667638	0.224920140073	0.338428823805	0.319693397952	0.227335959756	0.311396385551	0.204220872793	0.20315532419	0.267467603877	0.273607662499	0.233481575354	0.252898121056	0.0805859028889	0.130724318702	0.219276970058	0.203107739243	0.237940919458	0.159244290293	0.261353507278	0.154305617752	0.229233612771	0.147116606097	0.201344723656	0.226471690817	0.181712156483	0.11664783324	0.312429059519	0.134950929338	0.102175429794	0.177648141593	0.150653033348	0.247996015747	0.269252822339	0.0719241483247	0.26023558353
k__Bacteria;p__Bacteroidetes;c__Cytophagia;o__Cytophagales	0.0	0.0	0.0	0.0	0.0	0.0	0.0	0.0	0.0	0.0	0.0	0.0	0.0	0.0	0.0	0.0	0.0	0.0	0.0	0.0	0.0	0.0	0.0	0.0	0.0	0.0	0.0	0.0	0.0	0.0	0.0	0.0	0.0	0.0	0.0	0.0	0.0	0.0	0.0	0.0	0.0	0.0	0.0	0.0	0.0	0.0	0.0	0.0	0.0	0.0	0.0	0.0	0.0	0.0	0.0	0.0	0.0	0.0	0.0	0.0	0.0	0.0	0.0	0.0	0.0	0.0	0.0	0.0	0.0	0.0	0.0	0.0	0.0	0.0	0.0	0.0	0.0	0.0	0.0	0.0	0.0	0.0	0.0	0.0	0.0	0.0	0.0	0.0	0.0	0.0	0.0	0.0	0.0	0.0	0.0	0.0	0.0	0.0	0.0	0.0	0.0	0.0	0.0	0.0	0.0	0.0	0.0	0.0	0.0
k__Bacteria;p__Bacteroidetes;c__Flavobacteriia;o__Flavobacteriales	0.0415280583437	0.0	0.0	0.0	0.0	0.0	0.0	0.0	0.0	0.0	0.0	0.0	0.0	0.0	0.0	0.0	0.0	0.0	0.0	0.0	0.0	0.0	0.0	0.0	0.0	0.0	0.0	0.0	0.0	0.0	0.0	0.0	0.0	0.0	0.0	0.0	0.0	0.0	0.0	0.0	0.00404405909372	0.0	0.0	0.0	0.0	0.0	0.0	0.0	0.0	0.0	0.0	0.0	0.0	0.0	0.0	0.0	0.0	0.0	0.0	0.0	0.0	0.0	0.0	0.0	0.0	0.0	0.0	0.0	0.0	0.0	0.0	0.0	0.0	0.0	0.0	0.0	0.0	0.0	0.0	0.0	0.0	0.0	0.0	0.0	0.0	0.0	0.0	0.0	0.0	0.0	0.0	0.0	0.0	0.0	0.0	0.0	0.0	0.0	0.0	0.0	0.0	0.0728649547887	0.0	0.0	0.0	0.0	0.0	0.0	0.0
k__Bacteria;p__Bacteroidetes;c__Sphingobacteriia;o__Sphingobacteriales	0.0277894503207	0.0	0.0	0.0	0.0	0.0	0.0	0.0	0.0	0.0	0.0	0.0	0.0	0.0	0.0	0.0	0.0	0.0	0.0	0.0	0.0	0.0	0.0	0.0	0.0	0.0	0.0	0.0	0.0	0.0	0.0	0.0	0.0	0.0	0.0	0.0	0.0	0.0	0.0	0.0	0.0	0.0	0.0	0.0	0.0	0.0	0.0	0.0	0.0	0.0	0.0	0.0	0.0	0.0	0.0	0.0	0.0	0.0	0.0	0.0	0.0	0.0	0.0	0.0	0.0	0.0	0.0	0.0	0.0	0.0	0.0	0.0	0.0	0.0	0.0	0.0	0.0	0.0	0.0	0.0	0.0	0.0	0.0	0.0	0.0	0.0	0.0	0.0	0.0	0.0	0.0	0.0	0.0	0.0	0.0	0.0	0.0	0.0	0.0	0.0	0.0	0.0310073011224	0.0	0.0	0.0	0.0	0.0	0.0	0.0
k__Bacteria;p__Bacteroidetes;c__[Saprospirae];o__[Saprospirales]	0.0	0.0	0.0	0.0	0.0	0.0	0.0	0.0	0.0	0.0	0.0	0.0	0.0	0.0	0.0	0.0	0.0	0.0	0.0	0.0	0.0	0.0	0.0	0.0	0.0	0.0	0.0	0.0	0.0	0.0	0.0	0.0	0.0	0.0	0.0	0.0	0.0	0.0	0.0	0.0	0.0	0.0	0.0	0.0	0.0	0.0	0.0	0.0	0.0	0.0	0.0	0.0	0.0	0.0	0.0	0.0	0.0	0.0	0.0	0.0	0.0	0.0	0.0	0.0	0.0	0.0	0.0	0.0	0.0	0.0	0.0	0.0	0.0	0.0	0.0	0.0	0.0	0.0	0.0	0.0	0.0	0.0	0.0	0.0	0.0	0.0	0.0	0.00253395069727	0.0	0.0	0.0	0.0	0.0	0.0	0.0	0.0	0.0	0.0	0.0	0.0	0.0	0.0	0.0	0.0	0.0	0.0	0.0	0.0	0.0
k__Bacteria;p__Chlorobi;c__BSV26;o__PK329	0.0	0.0	0.0	0.0	0.0	0.0	0.0	0.0	0.0	0.0	0.0	0.0	0.0	0.0	0.0	0.0	0.0	0.0	0.0	0.0	0.0	0.0	0.0	0.0	0.0	0.0	0.0	0.0	0.0	0.0	0.0	0.0	0.0	0.0	0.0	0.0	0.0	0.0	0.0	0.0	0.0	0.0	0.0	0.0	0.0	0.0	0.0	0.0	0.0	0.0	0.0	0.0	0.0	0.0	0.0	0.0	0.0	0.0	0.0	0.0	0.0	0.0	0.0	0.0	0.0	0.0	0.0	0.0	0.0	0.0	0.0	0.0	0.0	0.0	0.0	0.0	0.0	0.0	0.0	0.0	0.0	0.0	0.0	0.0	0.0	0.0	0.0	0.0	0.0	0.0	0.0	0.0	0.0	0.0	0.0	0.0	0.0	0.0	0.0	0.0	0.0	0.0	0.0	0.0	0.0	0.0	0.0	0.0	0.0
k__Bacteria;p__Chloroflexi;c__Anaerolineae;o__Anaerolineales	0.0	0.0	0.0	0.0	0.0	0.0	0.00523513012212	0.0	0.0	0.0	0.0	0.0	0.0	0.0	0.0	0.0	0.0	0.0	0.0	0.0	0.0	0.0	0.0	0.0	0.0	0.0033422991655	0.0	0.0	0.0	0.0	0.0	0.0	0.0	0.00555799261928	0.0	0.0	0.0	0.0	0.013336918475	0.0	0.0	0.0	0.0	0.0	0.0	0.0	0.0	0.0	0.0	0.0	0.0	0.0	0.0	0.0	0.0	0.0	0.0	0.0	0.0	0.0	0.0	0.0	0.0	0.0	0.0	0.0	0.0	0.0	0.0	0.0	0.00722619565318	0.0	0.0	0.00505725608045	0.0	0.0	0.0	0.0	0.0	0.0	0.0	0.007168674061	0.0	0.0	0.0	0.0	0.0	0.0	0.0	0.0	0.0	0.0068896391365	0.0	0.0	0.0	0.0	0.0	0.0	0.0	0.0	0.0	0.0	0.0	0.0	0.0	0.0	0.0	0.0	0.0
k__Bacteria;p__Cyanobacteria;c__4C0d-2;o__YS2	0.0	0.0	0.0123404286748	0.0	0.00388649543944	0.0	0.0	0.0106358820808	0.0	0.0	0.0	0.0	0.0	0.0	0.0	0.0	0.0	0.0	0.0	0.0	0.0	0.0	0.0	0.0	0.00372270348995	0.0	0.0	0.0	0.0	0.0	0.0	0.0	0.00405835734017	0.0	0.0	0.0	0.0	0.0	0.0	0.0	0.0	0.0037496894848	0.00730028652298	0.0237438829452	0.0	0.0	0.0	0.0	0.0	0.0	0.0	0.0	0.0	0.0	0.0120340944492	0.0	0.0	0.0	0.0	0.0	0.0	0.0	0.0	0.0	0.0	0.0	0.0	0.0127414692051	0.0	0.0	0.0	0.0	0.0	0.0	0.0	0.0	0.0	0.0	0.0	0.00814941206159	0.0	0.0	0.00319077996999	0.0	0.0	0.0	0.0	0.0	0.0148627111758	0.0	0.0057315117687	0.0	0.0077565691663	0.0	0.00458661357846	0.0167355764741	0.0	0.0	0.0	0.0	0.0	0.0	0.0	0.0	0.0	0.0	0.0	0.0	0.0
k__Bacteria;p__Cyanobacteria;c__Chloroplast;o__Streptophyta	0.0	0.0	0.0	0.0	0.0	0.0	0.0	0.0	0.0	0.0	0.0	0.0	0.0	0.0	0.0	0.0	0.00481280825978	0.0	0.0	0.0	0.0	0.0	0.0	0.0	0.0	0.0	0.0	0.0	0.0	0.00875147549222	0.0	0.0	0.0	0.0	0.0	0.0	0.0	0.0	0.0	0.0060706665352	0.0	0.00323459955769	0.0	0.0	0.0	0.00546448087432	0.0	0.00508131051509	0.0	0.0	0.0	0.0	0.0	0.0	0.0	0.0	0.0	0.0	0.0	0.0	0.0	0.0	0.0	0.0	0.0	0.0	0.0	0.0	0.0	0.0	0.0	0.0	0.0	0.0	0.0	0.0	0.0	0.0	0.0	0.0	0.0	0.0	0.0	0.0	0.0	0.0	0.0	0.0	0.0	0.0	0.0	0.0	0.0	0.0	0.0	0.0	0.0	0.0	0.0	0.0	0.0	0.0	0.0	0.0	0.0	0.0	0.00704841944457	0.0	0.0123304687456
k__Bacteria;p__Cyanobacteria;c__Nostocophycideae;o__Nostocales	0.0	0.0	0.0	0.0	0.0	0.0	0.0	0.0	0.0	0.0	0.0	0.0	0.0	0.0	0.0	0.0	0.0	0.0	0.0	0.0	0.0	0.0	0.0	0.0	0.0	0.0	0.0	0.0	0.0	0.0	0.0	0.0	0.0	0.0	0.0	0.0	0.0	0.0	0.0	0.0	0.0	0.0	0.0	0.0	0.0	0.0	0.0	0.0	0.0	0.0	0.0	0.0	0.0	0.0	0.0	0.0	0.0	0.0	0.0	0.0	0.0	0.0	0.0	0.0	0.0	0.0	0.0	0.0	0.0	0.0	0.0	0.0	0.0	0.0	0.0	0.0	0.0	0.0	0.0	0.0	0.0	0.0	0.0	0.0	0.0	0.0	0.0	0.0	0.0	0.0	0.0	0.0	0.0	0.0	0.0	0.0	0.0	0.0	0.0	0.0	0.0	0.0	0.0	0.0	0.0	0.0	0.0	0.0	0.0
k__Bacteria;p__Elusimicrobia;c__Elusimicrobia;o__Elusimicrobiales	0.0	0.0	0.0	0.0	0.0	0.0	0.0	0.0	0.0	0.0	0.0	0.0	0.0	0.0	0.0	0.0	0.0	0.0	0.0	0.0	0.0	0.0	0.0	0.0	0.0	0.0	0.0	0.0	0.0	0.0	0.0	0.0	0.0	0.0	0.0	0.0	0.0	0.0	0.0	0.0	0.0	0.0	0.0	0.0	0.0	0.0	0.0	0.0	0.0	0.0	0.0	0.0	0.0	0.0	0.0	0.0	0.0	0.0	0.0	0.0	0.0	0.0	0.0	0.0	0.0	0.0	0.0	0.0	0.0	0.0	0.0	0.0	0.0	0.0	0.0	0.0	0.0	0.0	0.0	0.0	0.0	0.0	0.0	0.0	0.0	0.0	0.0	0.0	0.0	0.00377382732347	0.0	0.0	0.0	0.0	0.0	0.0	0.0	0.0	0.0	0.0	0.0	0.0	0.0	0.0	0.0	0.0	0.0	0.0	0.0
k__Bacteria;p__FBP;c__;o__	0.0	0.0	0.0	0.0	0.0	0.0	0.0	0.0	0.0	0.0	0.0	0.0	0.0	0.0	0.0	0.0	0.0	0.0	0.0	0.0	0.0	0.0	0.0	0.0	0.0	0.0	0.0	0.0	0.0	0.0	0.0	0.0	0.0	0.0	0.0	0.0	0.0	0.0	0.0	0.0	0.0	0.0	0.0	0.0	0.0	0.0	0.0	0.0	0.0	0.0	0.0	0.0	0.0	0.0	0.0	0.0	0.0	0.0	0.0	0.0	0.0	0.0	0.0	0.0	0.0	0.0	0.0	0.0	0.0	0.0	0.0	0.0	0.0	0.0	0.0	0.0	0.0	0.0	0.0	0.0	0.0	0.0	0.0	0.0	0.0	0.0	0.0	0.0	0.0	0.0	0.0	0.0	0.0	0.0	0.0	0.0	0.0	0.0	0.0	0.0	0.0	0.0	0.0	0.0	0.0	0.0	0.0	0.0	0.0
k__Bacteria;p__Firmicutes;c__Bacilli;o__Bacillales	0.0189386134219	0.0	0.0	0.0	0.0	0.0	0.0	0.00631732258459	0.0	0.0	0.0	0.0	0.0119096395385	0.0	0.0107122373797	0.0	0.0	0.0	0.0	0.0	0.0	0.0	0.0	0.0	0.0218356670102	0.0	0.0	0.0	0.0	0.0	0.0	0.0	0.0	0.0	0.0	0.00508499223917	0.00897270283881	0.0	0.00741492784105	0.0	0.0	0.00510324987913	0.0	0.0	0.0	0.0	0.0	0.0	0.0	0.0	0.0	0.0	0.0	0.0	0.0	0.0	0.0	0.0	0.0	0.0050577874361	0.0	0.0	0.00968140803899	0.0	0.0	0.0	0.0	0.0	0.0	0.00508345888179	0.0	0.0	0.0	0.0	0.00465034716639	0.0	0.0	0.0	0.0	0.0	0.0	0.0	0.0051904681596	0.0	0.00433678236082	0.121102541767	0.00926519106573	0.0	0.0	0.0	0.0	0.0	0.0	0.0	0.0	0.0	0.0	0.0	0.0200773083228	0.0	0.0	0.0	0.0	0.0	0.0	0.0	0.0	0.0	0.0
k__Bacteria;p__Firmicutes;c__Bacilli;o__Gemellales	0.0	0.0	0.0	0.0	0.0	0.0	0.0	0.0	0.0	0.0	0.0	0.0	0.0	0.0	0.0	0.0	0.0	0.0	0.0	0.0	0.0	0.0	0.0	0.00561785336117	0.00295639226841	0.0	0.0	0.0	0.0	0.0	0.0	0.0	0.0	0.0	0.0	0.0	0.0	0.0	0.0	0.0	0.0	0.0	0.0	0.0	0.0	0.0	0.0	0.0	0.0	0.0	0.0	0.0	0.0	0.0	0.0	0.0	0.0	0.0	0.0	0.0	0.0	0.0	0.0	0.0	0.0	0.0	0.0	0.0	0.0	0.0	0.0	0.0	0.0	0.0	0.0	0.0	0.0	0.0	0.00447163206306	0.0	0.0	0.0	0.0	0.0	0.0	0.0	0.0	0.0	0.0	0.0	0.0	0.00583730946725	0.0	0.0	0.0	0.0	0.005581882556	0.0	0.0	0.0	0.0	0.0	0.0	0.0	0.0	0.0	0.0	0.0138465031921	0.0
k__Bacteria;p__Firmicutes;c__Bacilli;o__Lactobacillales	0.0	0.0	0.0	0.01671350083	0.00963104971475	0.00772569818344	0.00753368634035	0.00628728365636	0.00506239672503	0.0	0.0062278835671	0.0	0.0303120113093	0.0322539546561	0.0128940858794	0.00764733789495	0.00821397940079	0.0108662997878	0.0	0.0138430147074	0.0	0.0330314056033	0.0117330624458	0.0552436311907	0.0692949880724	0.0057691888484	0.0	0.0	0.00663679693562	0.0298795137322	0.00988400702333	0.00890775837705	0.0067060734	0.0183171134581	0.0	0.0123879800749	0.0371640739679	0.0384877935058	0.00874902158166	0.0331839872154	0.0112555822413	0.0084102765126	0.0130702872042	0.0	0.0223302053273	0.00386875204938	0.0343594036882	0.0116002174136	0.0	0.0	0.0304600017609	0.00747381056892	0.0	0.014150657712	0.0	0.00922401937446	0.0108910176834	0.0170455532044	0.0102460034866	0.0125125986629	0.00928196764156	0.00406629021624	0.0201462349568	0.0154843137457	0.0119170649251	0.0110220073745	0.020644052552	0.00985887063968	0.0	0.0308085161247	0.0	0.0	0.0097739157731	0.0104098561882	0.0269514595444	0.0	0.0	0.0	0.0154404498001	0.0107878420959	0.0121624093555	0.0115145898164	0.00801348709342	0.0156039163036	0.0319895059799	0.0262410115869	0.0137907762814	0.00655508809105	0.0	0.0123837031553	0.0057315117687	0.0	0.0	0.0137485034865	0.0	0.0115211362295	0.0404075827092	0.0219748114016	0.0	0.044938337641	0.0337379115241	0.0	0.0194369752511	0.00671131563422	0.0182089875589	0.081175404479	0.0262498203424	0.0579268645448	0.0530598497297
k__Bacteria;p__Firmicutes;c__Bacilli;o__Turicibacterales	0.0	0.0	0.0	0.00960163206857	0.00596911516378	0.0	0.0	0.00451399795513	0.00684660570631	0.0	0.0	0.0	0.0122209786106	0.0136271948817	0.0137392580101	0.00698099295178	0.0114759391843	0.00858143703571	0.00881321998719	0.00434813561521	0.00541268535683	0.0107049767335	0.0	0.0169952119655	0.00782898287105	0.00646944100712	0.0111526724857	0.00556329430117	0.00827185384771	0.0	0.0	0.0	0.0	0.0	0.0	0.0	0.0	0.0	0.0	0.0	0.0	0.0	0.00730028652298	0.0	0.0	0.0	0.0	0.0058616063274	0.0	0.0	0.0	0.00804818755127	0.0	0.00949389933714	0.0	0.00825890784309	0.0108293027505	0.0	0.0	0.00739950822351	0.0	0.0	0.0	0.0	0.0	0.0	0.00403401506283	0.0	0.0	0.0	0.0	0.00850830075151	0.0	0.00832883767324	0.0	0.0	0.0	0.0	0.0124819768204	0.0	0.00924551037946	0.0	0.0	0.0	0.00780765405313	0.0	0.0	0.0	0.0	0.0	0.0	0.0090024292818	0.0	0.0	0.0	0.00984217400711	0.0	0.0134439040703	0.0	0.0216495364321	0.00790413867585	0.0	0.0	0.00825486725664	0.0156155270841	0.0218647101556	0.0186341144822	0.0315576177101	0.0
k__Bacteria;p__Firmicutes;c__Clostridia;o__Clostridiales	0.393447879221	0.754400482498	0.601760052568	0.75909717117	0.750118072585	0.672265528475	0.648467156991	0.708236587588	0.681252929676	0.695974958478	0.671757015748	0.587366667711	0.589156567979	0.630312803044	0.597112653533	0.632372383268	0.58406362706	0.603845659711	0.661884651127	0.619353265422	0.672518774424	0.574154891457	0.749398497649	0.610302009849	0.597589664017	0.704494155223	0.707354012137	0.702402466316	0.672053768746	0.557940333664	0.628008864898	0.67370919786	0.656919784771	0.564771808567	0.679034659296	0.723825458418	0.767595077255	0.625162547856	0.61989715364	0.64213999861	0.690538379701	0.571591305447	0.601456490004	0.557807101226	0.688915418948	0.555220281492	0.724961642993	0.673555832202	0.774035459292	0.759471478292	0.596751700502	0.632182281861	0.670303692838	0.638871060014	0.609801617602	0.756393357203	0.575941684392	0.662030017143	0.627343494313	0.735528599217	0.585952230483	0.725122277175	0.63530881014	0.569946692918	0.69616046235	0.658632877813	0.623383553264	0.658616530902	0.589017892061	0.758017472525	0.577253131288	0.614753778882	0.803198383992	0.591089048776	0.644950652551	0.592467496373	0.550115250489	0.476039399808	0.590608880762	0.551855698685	0.690701893758	0.597066318532	0.598580366738	0.520641462881	0.563338379502	0.26341230706	0.766864944894	0.758736244573	0.646014074592	0.622639760902	0.623756296886	0.627234015393	0.654722024444	0.678583864158	0.636576714734	0.728068722094	0.608038718111	0.498799002571	0.454226344145	0.65954558271	0.474374282921	0.392496274248	0.721771387807	0.669210241888	0.638853270691	0.346559254941	0.473008695175	0.698642757759	0.458038587413
k__Bacteria;p__Firmicutes;c__Clostridia;o__Halanaerobiales	0.0	0.0	0.0	0.0	0.0	0.0	0.0	0.0	0.0	0.0	0.0	0.0	0.0	0.0	0.0	0.0	0.0	0.0	0.0	0.0	0.0	0.0	0.0	0.0	0.0	0.0	0.0	0.0	0.0	0.0	0.0	0.0	0.0	0.0	0.0	0.0	0.0	0.0	0.0	0.0	0.0	0.0	0.0	0.0	0.0	0.0	0.0	0.0	0.0	0.0	0.0	0.0	0.0	0.0	0.0	0.0	0.0	0.0	0.0	0.0	0.0	0.0	0.0	0.0	0.0	0.0	0.0	0.0	0.0	0.0	0.0	0.0	0.0	0.0	0.0	0.0	0.0	0.0	0.00340110036052	0.0	0.0	0.0	0.0	0.0	0.0	0.0	0.0	0.0	0.0	0.0	0.0	0.0	0.0	0.0	0.0	0.0	0.0	0.0	0.0	0.0	0.0	0.0	0.0	0.0	0.0	0.0	0.0	0.0	0.0
k__Bacteria;p__Firmicutes;c__Clostridia;o__SHA-98	0.0	0.00586106817825	0.0	0.0	0.00137709567953	0.00359850588706	0.00733407584757	0.00595438310611	0.00278185803335	0.0	0.0	0.0	0.0	0.0	0.0	0.0	0.0	0.0	0.0	0.00375047150015	0.0	0.0	0.0	0.0	0.0	0.0	0.0	0.0	0.0	0.0	0.0	0.0	0.00465287048005	0.0260026487614	0.0	0.0	0.0	0.0	0.0100029280784	0.0	0.0	0.0	0.0	0.0	0.0	0.0	0.0	0.0	0.0	0.0	0.0	0.0	0.0	0.00502389881774	0.00431663385388	0.0	0.0	0.0	0.0	0.0	0.0	0.0	0.0	0.0	0.0	0.0	0.0	0.0	0.0	0.0	0.0	0.0	0.0103171375778	0.0	0.0	0.0	0.0	0.0	0.0	0.0	0.0	0.0100812214904	0.0	0.0	0.0	0.0	0.0	0.00297350470921	0.0	0.00377382732347	0.0	0.0	0.0	0.0	0.0	0.0	0.0	0.0	0.0	0.0	0.0	0.0	0.0	0.0	0.010067451685	0.0	0.0	0.0	0.0
k__Bacteria;p__Firmicutes;c__Clostridia;o__Thermoanaerobacterales	0.0	0.0	0.0	0.0	0.0	0.0	0.00565679578982	0.0	0.0	0.0	0.0	0.0	0.0	0.0	0.0	0.0	0.0	0.0	0.0	0.0	0.0	0.0	0.0	0.0	0.0	0.0	0.0	0.0	0.0	0.0	0.0	0.0	0.0	0.00980248071087	0.0	0.0	0.0	0.0	0.0	0.0	0.0	0.0	0.0	0.0	0.0	0.0	0.0	0.0	0.0	0.0	0.0	0.0	0.0	0.0	0.0	0.0	0.0	0.0	0.0	0.0	0.0	0.0	0.0	0.0	0.0	0.0	0.0	0.0	0.0	0.0	0.0	0.0	0.0	0.0	0.0	0.0	0.0	0.0	0.0	0.0	0.0	0.00675820949492	0.0	0.0	0.0	0.0	0.0	0.0	0.0	0.0	0.0	0.0	0.0	0.0	0.0	0.0	0.0	0.0	0.0	0.0	0.0	0.0	0.0	0.00414716224189	0.0	0.0	0.0	0.0	0.0
k__Bacteria;p__Firmicutes;c__Erysipelotrichi;o__Erysipelotrichales	0.0344594462866	0.0311003795243	0.0294635001254	0.0223090373979	0.0188953078491	0.0183466558152	0.0491494385334	0.0361475853337	0.0264314628407	0.0367959494637	0.0256144204705	0.0380592910142	0.0565339251638	0.0344995771383	0.0404956460524	0.00514376373762	0.0647691026843	0.053098587513	0.0400558568866	0.0130586164392	0.0235661738275	0.0636703500748	0.0306746517693	0.0635818034595	0.0377144200439	0.0304708066899	0.0150878939448	0.0257687484388	0.032032904612	0.0485564886734	0.0514393809483	0.00930465038914	0.0207369316785	0.0163108817018	0.067463163969	0.0152205992242	0.0380029830264	0.0751043270868	0.0373287887516	0.0304513160832	0.0	0.0613379504535	0.0305756311704	0.0267238196459	0.0406751041378	0.0358303955669	0.0625067357452	0.063288768641	0.0856292883556	0.0616349634961	0.00901320418056	0.0120313407721	0.0160454662866	0.0182786438455	0.0568016702497	0.0196512037546	0.0284216030621	0.0793129874524	0.031782303841	0.0344700762005	0.0	0.0435026422804	0.0276367381251	0.0265025661903	0.00838685838367	0.0300151080094	0.050503247868	0.0479451630225	0.0187102250507	0.0478324089306	0.0513369033436	0.0543423344417	0.0526539901323	0.0341605518034	0.0487283515319	0.0332312919547	0.0168400534228	0.075336894627	0.0305003515265	0.0207032977337	0.0346325549526	0.0511903879623	0.0283399003999	0.0428824595031	0.041651088918	0.0	0.0529349125203	0.0289787130478	0.0284904384457	0.0118219117714	0.0123441397172	0.01819207039	0.0112400045008	0.0311752314455	0.0331019368266	0.0372189155871	0.0265906194902	0.0751793963138	0.0234621137521	0.0338624913798	0.0296811706261	0.0167354836663	0.0495464914825	0.0108579115044	0.0186005397775	0.0309865518989	0.0637735059469	0.068984830822	0.0265034009047
k__Bacteria;p__Fusobacteria;c__Fusobacteriia;o__Fusobacteriales	0.00993270916472	0.0	0.0	0.0	0.0	0.0	0.0	0.0	0.0	0.0	0.00456973474004	0.0	0.0	0.0	0.0	0.0	0.00821397940079	0.0	0.0	0.0	0.0	0.0	0.0	0.0	0.0	0.0	0.0	0.0	0.0	0.0	0.0	0.0	0.0	0.0	0.0	0.0	0.0	0.0	0.00638799526149	0.0	0.0	0.0	0.0	0.0	0.0	0.00429047253718	0.0	0.00268600603743	0.0	0.0	0.0	0.0	0.0	0.0	0.0216668360122	0.0	0.0	0.0184320897445	0.0	0.0	0.0	0.0	0.0	0.010538268852	0.00697726401839	0.0	0.00983564448637	0.00235415767529	0.0	0.00587184746042	0.00819689083639	0.0138358850684	0.0	0.00400347675722	0.0210353685477	0.0	0.0118494727606	0.0	0.00398768254295	0.00390294906849	0.0	0.010717685892	0.0	0.0	0.00456622511509	0.0	0.0	0.0	0.0	0.00377382732347	0.00631342444704	0.00418004777256	0.0	0.0	0.0	0.0	0.0	0.0070325777384	0.0	0.0	0.011185894116	0.0	0.0	0.0	0.0	0.0	0.0	0.0	0.0
k__Bacteria;p__Lentisphaerae;c__[Lentisphaeria];o__Victivallales	0.0	0.0	0.0	0.00934459055259	0.0	0.0	0.0	0.0	0.0	0.0	0.00731696740982	0.0	0.0	0.0	0.0	0.0103566626018	0.0	0.0	0.0	0.00603060889974	0.0	0.0	0.0	0.0	0.0	0.0	0.0	0.00805914596535	0.00680603541897	0.0	0.0	0.0	0.0	0.0	0.0	0.0	0.0	0.0	0.0	0.0	0.0	0.0	0.0	0.0	0.0	0.0	0.0	0.0	0.0	0.0	0.0	0.0	0.0	0.0	0.00431663385388	0.0	0.00356633083457	0.0	0.0	0.0	0.0	0.0	0.0	0.0	0.0	0.0	0.0	0.0	0.0	0.0	0.0	0.0	0.0	0.0	0.0	0.0	0.0	0.0	0.0	0.0	0.0	0.0	0.00782791411794	0.0	0.0	0.0	0.0	0.00456145872861	0.0	0.00591014612874	0.0	0.0	0.0	0.0	0.0	0.0	0.0	0.0	0.0116991480847	0.0	0.0	0.0	0.0	0.0	0.0	0.0	0.0	0.0	0.0
k__Bacteria;p__OP9;c__OPB46;o__OPB72	0.0	0.0	0.0	0.0	0.0	0.0	0.0	0.0	0.0	0.0	0.0	0.0	0.0	0.0	0.0	0.0	0.0	0.0	0.0	0.0	0.0	0.0	0.0	0.0	0.0	0.0	0.0	0.0	0.0	0.0	0.0	0.0	0.0	0.00858714042814	0.0	0.0	0.0	0.0	0.0	0.0	0.0	0.0	0.0	0.0	0.0	0.0	0.0	0.0	0.0	0.0	0.0	0.0	0.0	0.0	0.0	0.0	0.0	0.0	0.0	0.0	0.0	0.0	0.0	0.0	0.0	0.0	0.0	0.0	0.0	0.0	0.0	0.0	0.0	0.00579204343871	0.0	0.0	0.0	0.0	0.0	0.0	0.0	0.0	0.0	0.0	0.0	0.0	0.0	0.0	0.0	0.0	0.0	0.0	0.0	0.0	0.0	0.0	0.0	0.0	0.0	0.0	0.0	0.0	0.0	0.00279674336283	0.0	0.0	0.0	0.0	0.0
k__Bacteria;p__Planctomycetes;c__Phycisphaerae;o__MSBL9	0.0	0.0	0.0	0.0	0.0	0.0	0.0	0.0	0.0	0.0	0.0	0.0	0.0	0.0	0.0	0.0	0.0	0.0	0.0	0.0	0.0	0.0	0.0	0.0	0.0	0.0	0.0	0.0	0.0	0.0	0.0	0.0	0.0	0.0	0.0	0.0	0.0	0.0	0.00473468356659	0.0	0.0	0.0	0.0	0.0	0.0	0.0	0.0	0.0	0.0	0.0	0.0	0.0	0.0	0.0	0.0	0.0	0.0	0.0	0.0	0.0	0.0	0.0	0.0	0.0	0.0	0.0	0.0	0.0	0.0	0.0	0.0	0.0	0.0	0.0	0.0	0.0	0.0	0.0	0.0	0.0	0.0	0.0	0.0	0.0	0.0	0.0	0.0	0.0	0.0	0.0	0.0	0.0	0.0	0.0	0.0	0.0	0.0	0.0	0.0	0.0	0.0	0.0	0.0	0.0	0.0	0.0	0.0	0.0	0.0
k__Bacteria;p__Planctomycetes;c__Planctomycetia;o__Pirellulales	0.0	0.0	0.0	0.0	0.0	0.0	0.0	0.0	0.0	0.0	0.0	0.0	0.0	0.0	0.0	0.0	0.0	0.0	0.0	0.0	0.0	0.0	0.0	0.0	0.0	0.0	0.0	0.0	0.0	0.0	0.0	0.0	0.0	0.0	0.0	0.0	0.0	0.0	0.0	0.0	0.0	0.0	0.003779189273	0.0	0.0	0.0	0.0	0.0	0.0	0.0	0.0	0.0	0.0	0.0	0.0	0.0	0.0	0.0	0.0	0.0	0.0	0.0	0.0	0.0	0.0	0.0	0.0	0.0	0.0	0.0	0.0	0.0	0.0	0.0	0.0	0.0	0.0	0.0	0.0	0.0	0.0	0.0	0.0	0.0	0.0	0.0	0.0	0.0	0.0	0.0	0.0	0.0	0.0	0.0	0.0	0.0	0.0	0.0	0.0	0.0	0.0	0.0	0.0	0.0	0.0	0.0	0.0	0.0	0.0
k__Bacteria;p__Proteobacteria;c__Alphaproteobacteria;o__Caulobacterales	0.0	0.0	0.0	0.0	0.0	0.0	0.0	0.0	0.0	0.0	0.0	0.0	0.0	0.0	0.0	0.0	0.0	0.0	0.0	0.0	0.0	0.0	0.0	0.0	0.0	0.0	0.0	0.0	0.0	0.0	0.0	0.0	0.0	0.0	0.0	0.0	0.0	0.0	0.0	0.0	0.0	0.0	0.0	0.0	0.0	0.0	0.0	0.0	0.0	0.0	0.0	0.0	0.0	0.0	0.0	0.0	0.0	0.0	0.0	0.0	0.0	0.0	0.0	0.0	0.0	0.0	0.0	0.0	0.0	0.0	0.0	0.0	0.0	0.0	0.0	0.0	0.0	0.0	0.0	0.0	0.0	0.0	0.0	0.0	0.0	0.0	0.0	0.0	0.0	0.0	0.0	0.0	0.0	0.0	0.0	0.0	0.0	0.0	0.0262641508687	0.0	0.0	0.0228391373996	0.0	0.0	0.0	0.0	0.0	0.0	0.0
k__Bacteria;p__Proteobacteria;c__Alphaproteobacteria;o__RF32	0.0	0.0	0.0	0.0	0.00474788391604	0.0140863709423	0.0	0.0140886281889	0.0	0.0	0.00982124311141	0.0112515548406	0.0	0.0160833363296	0.0	0.0	0.0	0.0	0.0	0.0	0.0	0.0	0.0	0.0	0.0	0.0	0.0	0.00401292547524	0.0	0.0	0.0	0.0	0.0	0.0	0.0	0.00687621786585	0.0	0.0	0.0	0.0	0.0	0.00974461831884	0.0	0.0	0.0	0.0	0.0	0.0	0.0	0.0	0.0	0.0	0.0	0.0	0.0169949119219	0.00271734724411	0.0	0.0	0.0	0.0161972242935	0.00310380101897	0.0	0.0	0.0	0.0	0.0	0.0	0.0213177859102	0.00796854445906	0.0	0.0	0.0	0.0	0.0	0.0	0.0289430517953	0.00758619663465	0.0	0.0	0.0158221877004	0.00858159179908	0.0	0.0	0.0	0.00707359439204	0.0	0.0	0.0	0.0	0.042335713359	0.0	0.0	0.0133022446496	0.0230600159019	0.0276455343979	0.0	0.0	0.0344686705249	0.0	0.0	0.0	0.0	0.0	0.0271898053097	0.0	0.0	0.0	0.0	0.0
k__Bacteria;p__Proteobacteria;c__Alphaproteobacteria;o__Rhizobiales	0.0438147769894	0.0	0.0	0.0	0.0	0.0	0.0	0.0	0.0	0.0	0.0	0.0	0.0	0.0	0.00712445815188	0.0	0.0	0.0	0.0	0.0	0.0	0.0	0.0	0.0	0.0	0.0	0.0	0.0	0.0	0.0	0.0	0.0	0.0	0.0	0.0	0.0	0.0	0.0	0.0	0.0	0.0	0.0	0.0	0.0	0.0	0.0	0.0	0.0	0.0	0.0	0.0	0.0	0.0	0.0	0.0	0.0	0.0	0.0	0.0	0.0	0.0	0.0	0.0	0.0	0.0	0.0	0.0	0.0	0.0	0.0	0.0	0.0	0.0	0.00323738565414	0.0	0.0	0.0	0.0	0.0	0.0	0.0	0.0	0.0	0.0	0.0	0.0230711538448	0.0	0.0	0.0	0.0	0.0	0.0	0.0	0.0	0.0	0.0	0.0	0.0	0.0143851757197	0.0	0.0	0.0239464361136	0.0	0.0	0.0	0.031658083215	0.0	0.0	0.0
k__Bacteria;p__Proteobacteria;c__Alphaproteobacteria;o__Rhodobacterales	0.0	0.0	0.0	0.0	0.0	0.0	0.0	0.0	0.0	0.0	0.0	0.0	0.0	0.0	0.0	0.0	0.0	0.0	0.0	0.0	0.0	0.0	0.0	0.0	0.0	0.0	0.0	0.0	0.0	0.0	0.0	0.0	0.0	0.0	0.0	0.0	0.0	0.0	0.0	0.0	0.0	0.0	0.0	0.0	0.0	0.0	0.0	0.0	0.0	0.0	0.0	0.0	0.0	0.0	0.0	0.0	0.0	0.0	0.0	0.0	0.0	0.0	0.0	0.0	0.0	0.0	0.0	0.0	0.0	0.0	0.00962286301469	0.0	0.0	0.0	0.0	0.0	0.0	0.0	0.0	0.0	0.0	0.0	0.0	0.0	0.0	0.0	0.0	0.0	0.0	0.0	0.0	0.0	0.0	0.0	0.0	0.0	0.0	0.0	0.0	0.0	0.0	0.0182222598175	0.0	0.0	0.0	0.0	0.0	0.0	0.0
k__Bacteria;p__Proteobacteria;c__Alphaproteobacteria;o__Rhodospirillales	0.0	0.0	0.0	0.0	0.0	0.0	0.0	0.0	0.0	0.0	0.0	0.0	0.0	0.0	0.0	0.0	0.0	0.0	0.0	0.0	0.0	0.0	0.0	0.0	0.0	0.0	0.0	0.0	0.0	0.0	0.0	0.0	0.0	0.0	0.0	0.0	0.0	0.0	0.0	0.0	0.0	0.0	0.0	0.0	0.0	0.0	0.0	0.0	0.0	0.0	0.0	0.0	0.0	0.00311431849602	0.0	0.0	0.0	0.0	0.0	0.0	0.0	0.0	0.0	0.0	0.0	0.0	0.0	0.0	0.0	0.0	0.0	0.0	0.0	0.0	0.00226403775377	0.0	0.0	0.0	0.0	0.0	0.0	0.0	0.0	0.0	0.0	0.0	0.0	0.0	0.0	0.0	0.0	0.0	0.0	0.0	0.0	0.0	0.0	0.0	0.0	0.0	0.0	0.0	0.0	0.0	0.0	0.0	0.0	0.0	0.0
k__Bacteria;p__Proteobacteria;c__Alphaproteobacteria;o__Rickettsiales	0.0	0.0	0.0	0.0	0.0	0.0	0.0	0.0	0.0	0.0	0.0	0.0	0.0	0.0	0.0	0.0	0.0	0.0	0.0	0.0	0.0	0.0	0.0	0.0	0.0	0.0	0.0	0.0	0.0	0.0	0.0	0.0	0.0	0.0	0.0	0.0	0.0	0.0	0.0	0.0	0.0	0.0	0.0	0.0	0.0	0.0	0.0	0.0	0.0	0.0	0.0	0.0	0.0	0.0	0.0	0.0	0.0	0.0	0.0	0.0	0.0	0.0	0.0	0.0	0.0	0.0	0.0	0.0	0.0	0.0	0.0	0.0	0.0	0.0	0.0	0.0	0.0	0.0	0.0	0.0	0.0	0.0	0.0	0.0	0.0	0.0	0.0	0.0	0.0	0.0	0.0	0.0	0.0	0.0	0.0	0.0	0.0	0.0	0.0	0.0	0.0	0.0	0.0	0.0	0.0	0.0	0.0	0.0119116664401	0.0
k__Bacteria;p__Proteobacteria;c__Alphaproteobacteria;o__Sphingomonadales	0.0159932334244	0.0	0.0	0.0	0.0	0.0	0.0	0.0	0.0	0.0	0.0	0.0	0.0	0.0	0.0	0.0	0.0	0.0	0.0	0.0	0.0	0.0	0.0	0.0	0.0	0.0	0.0	0.0	0.0	0.0	0.0	0.0	0.0	0.0	0.0	0.0	0.0	0.0	0.0	0.0	0.0	0.0	0.0	0.0	0.0	0.0	0.0	0.0	0.0	0.0	0.0	0.0	0.0	0.0	0.0	0.0	0.0	0.0	0.0	0.0	0.0	0.0	0.0	0.0	0.0	0.0	0.0	0.0	0.0	0.0	0.0	0.0	0.0	0.00505725608045	0.0	0.0	0.0	0.0	0.0	0.0	0.0	0.0	0.0	0.0	0.0	0.0190357516226	0.0	0.0	0.0	0.0	0.0	0.0	0.0	0.0	0.0	0.0	0.0	0.0	0.0247295606258	0.0	0.0	0.0149082939317	0.0	0.0	0.0	0.0462832364314	0.0	0.0	0.0
k__Bacteria;p__Proteobacteria;c__Betaproteobacteria;o__Burkholderiales	0.0737619731047	0.0132366187881	0.0318259931894	0.01414327908	0.00491359982433	0.00800321840331	0.0205749665261	0.0119854087451	0.0172907355576	0.0229186980476	0.0166885127639	0.017361578816	0.021700014377	0.0210998365351	0.0210387571151	0.0269461510544	0.0231941400847	0.0170398727226	0.0134100546719	0.0337779261572	0.018521795946	0.0264106031601	0.0225531823635	0.0153522510594	0.00614435902479	0.0186827332567	0.0151851519242	0.0141070500043	0.0115382534685	0.0204273578992	0.0204210919705	0.0	0.0255466561378	0.0428841101369	0.0238618862599	0.0156954113814	0.0244749368872	0.0270227565447	0.0204372214259	0.0192580442225	0.0	0.0300669251593	0.0170448183997	0.0182140440961	0.0244242234326	0.0198795398101	0.0155519783986	0.0157550062086	0.0182097065911	0.0238685525311	0.0188184007166	0.0271019563194	0.0331522123513	0.0148493120992	0.0165541105856	0.0149478051175	0.0293008323593	0.0	0.0160010577972	0.0143903793618	0.0282914480753	0.0119893859325	0.0203203819397	0.0164384387219	0.01753574373	0.0187541754654	0.0144276587786	0.013670696093	0.0348737423117	0.0325321312517	0.0283860988395	0.0219366390178	0.0230171130156	0.020765100952	0.0169895696084	0.0305261751552	0.0182184600984	0.0213173341784	0.0188136817411	0.0128633954803	0.0	0.0	0.0220750204638	0.0365818720945	0.015779689696	0.067232257203	0.0188965952171	0.0179352804495	0.0265468734478	0.0138646586613	0.0238025519381	0.0183262287021	0.0161058802583	0.0170291808702	0.0174083860873	0.0158742112643	0.0188341654087	0.0206531381763	0.0269354722612	0.028710913433	0.0204966125827	0.108608968473	0.02480099717	0.0108579115044	0.0386005832029	0.0224813206949	0.0	0.0	0.0123304687456
k__Bacteria;p__Proteobacteria;c__Betaproteobacteria;o__Methylophilales	0.0	0.0	0.0	0.0	0.0	0.0	0.0	0.0	0.0	0.0	0.0	0.0	0.0	0.0	0.0	0.0	0.0	0.0	0.0	0.0	0.0	0.0	0.0	0.0	0.0	0.0	0.0	0.0	0.0	0.0	0.0	0.0	0.0	0.00683747431206	0.0	0.0	0.0	0.0	0.0	0.0	0.0	0.0	0.0	0.0	0.0	0.0	0.0	0.0	0.0	0.0	0.0	0.0	0.0	0.0	0.0	0.0	0.0	0.0	0.0	0.0	0.0	0.0	0.0	0.0	0.0	0.0	0.0	0.0	0.0	0.0	0.0	0.0	0.0	0.0	0.0	0.0	0.0	0.0	0.0	0.0	0.0	0.0	0.0	0.0	0.0	0.0	0.0	0.0	0.0	0.0	0.0	0.0	0.0	0.0	0.0	0.0	0.0	0.0	0.0	0.0	0.0	0.0	0.0	0.0	0.0	0.0	0.0	0.0	0.0
k__Bacteria;p__Proteobacteria;c__Betaproteobacteria;o__Neisseriales	0.0	0.0	0.0	0.0	0.0	0.0	0.0	0.0	0.0	0.0	0.0	0.0	0.0	0.0	0.0	0.0	0.0	0.0	0.0	0.0	0.0	0.0	0.0	0.0	0.0	0.0	0.0	0.0	0.0	0.0	0.0	0.0	0.0	0.0	0.0	0.0	0.0	0.0	0.0	0.0	0.0	0.0	0.0	0.0	0.0	0.0	0.0	0.0	0.0	0.0	0.0	0.0	0.0	0.0	0.0	0.0	0.0	0.0	0.0	0.0	0.00726653367211	0.0	0.0	0.0	0.0	0.0	0.0	0.0	0.0	0.0	0.0	0.0	0.0	0.0	0.0	0.0	0.0	0.0	0.0	0.0	0.0	0.0	0.0	0.0	0.0	0.0	0.0	0.0	0.0	0.0	0.0	0.0	0.0	0.00489622650131	0.0	0.0	0.0	0.0	0.0	0.0	0.0	0.0	0.0	0.0	0.0	0.0	0.0	0.0	0.0
k__Bacteria;p__Proteobacteria;c__Betaproteobacteria;o__Rhodocyclales	0.0	0.0	0.0	0.0	0.0	0.0	0.0	0.0	0.0	0.0	0.0	0.0	0.0	0.0	0.0	0.0	0.0	0.0	0.0	0.0	0.0	0.0	0.0	0.0	0.0	0.0	0.0	0.0	0.0	0.0	0.0	0.0	0.0	0.0	0.0	0.0	0.0	0.0	0.0	0.0	0.0	0.0	0.0	0.0	0.0	0.0	0.0	0.0	0.0	0.0	0.0	0.0	0.0	0.0	0.0	0.0	0.0	0.0	0.0	0.0	0.0	0.0	0.0	0.0	0.0	0.0	0.0	0.0	0.0	0.0	0.0	0.0	0.0	0.0	0.0	0.0	0.0	0.0	0.0	0.0	0.0	0.0	0.0	0.0	0.0	0.0206834687923	0.0	0.0	0.0	0.0	0.0	0.0	0.0	0.0	0.0	0.0	0.0	0.0	0.0	0.0	0.0	0.0	0.0	0.0	0.0	0.0	0.0	0.0	0.0
k__Bacteria;p__Proteobacteria;c__Deltaproteobacteria;o__Desulfovibrionales	0.0112623292797	0.00973626088763	0.0163687700145	0.0089082582275	0.00478385939719	0.0132916882978	0.0236003992946	0.0181677415782	0.00506239672503	0.0131074388051	0.0107976183071	0.0161562259776	0.0324447698225	0.0150523665927	0.0	0.0210071494914	0.0209231274884	0.0212579818055	0.0	0.00970443471366	0.00742486519162	0.00578990659274	0.0	0.0	0.00221417712184	0.00754904950006	0.00940166527476	0.0	0.0	0.0	0.0160888297813	0.0	0.019722690521	0.0	0.0352434683333	0.0	0.0	0.0	0.0314781819887	0.0142129236834	0.0145328330286	0.0166486975515	0.0317107203174	0.0349104823857	0.0	0.0242406128753	0.00769687481017	0.00542579265898	0.0149762052725	0.0210794454355	0.0121922800737	0.0	0.0200493854494	0.00982297567891	0.0090350022082	0.0126711884543	0.0109512731415	0.0169814942307	0.0	0.0	0.00900753442568	0.016676770734	0.0165357168671	0.00430601552275	0.0103683358409	0.00870527290292	0.00674780202993	0.00810598881596	0.0	0.0114777152489	0.0	0.0278379069682	0.0	0.0	0.0126800353442	0.0114417861456	0.0	0.0368058800256	0.0114095231579	0.0146161268067	0.0178744779345	0.01293838878	0.00835217768493	0.0299769486201	0.00939520932958	0.0	0.00513887323368	0.0175113627463	0.0158828435257	0.0168692168732	0.0193765748311	0.0068896391365	0.00732090572314	0.00974401623089	0.00896410669759	0.0	0.00867658227113	0.0382972098633	0.0122299718535	0.00607188861647	0.0149580313587	0.0	0.0191362563793	0.0143714926254	0.0	0.0	0.0	0.0	0.0
k__Bacteria;p__Proteobacteria;c__Epsilonproteobacteria;o__Campylobacterales	0.0	0.0	0.0	0.0	0.00251775592302	0.00752487858254	0.0	0.0	0.0	0.0	0.0173051622347	0.0	0.0	0.00593204927186	0.00617618891693	0.00514376373762	0.0	0.0	0.0	0.00591219562046	0.0	0.0	0.0	0.0	0.00349813367494	0.00855943961709	0.00380087819411	0.0	0.00252178259153	0.007565151191	0.0	0.0	0.0	0.0	0.00983437602672	0.00526651691121	0.0	0.0	0.0	0.00468762459318	0.0	0.0	0.0	0.00830702973107	0.0	0.00386875204938	0.0	0.0	0.0	0.0	0.00726120885254	0.0058676279578	0.0	0.0	0.0	0.0	0.0	0.00566018521256	0.0	0.00702549855069	0.00924480171308	0.00491172006534	0.0	0.0132003175087	0.00934131011408	0.0100809628089	0.0	0.0	0.0	0.0	0.0	0.0	0.0	0.0	0.00173084045669	0.0	0.00563289021715	0.0	0.0	0.0101408956945	0.0	0.00628096299548	0.0	0.0	0.0	0.0	0.0	0.00391486840671	0.0	0.0	0.00390312475225	0.0	0.0	0.0	0.0	0.0	0.0	0.0	0.0	0.0	0.0	0.0116263427833	0.0	0.0	0.0	0.0	0.00704841944457	0.0	0.0
k__Bacteria;p__Proteobacteria;c__Gammaproteobacteria;o__Acidithiobacillales	0.0	0.0	0.0	0.0	0.0	0.0	0.0	0.0	0.0	0.0	0.0	0.0	0.0	0.0	0.0	0.0	0.0	0.0	0.0	0.0	0.0	0.0	0.00685100522763	0.0	0.0	0.0	0.0	0.0	0.0	0.0	0.0	0.0	0.0	0.0	0.0	0.0	0.0	0.0	0.0	0.0	0.0	0.0	0.0	0.0	0.0	0.0	0.0	0.0	0.0	0.0	0.0	0.0	0.0	0.0	0.0	0.0	0.0	0.0	0.0	0.0	0.0	0.0	0.0	0.0	0.0	0.0	0.0	0.0	0.0	0.0	0.0	0.0	0.0	0.0	0.0	0.0	0.0	0.0	0.0	0.0	0.0	0.0	0.0	0.0	0.0	0.0	0.0	0.0	0.0	0.0	0.0	0.0	0.0	0.0	0.0	0.0	0.0	0.0	0.0	0.0	0.0	0.0	0.0	0.0	0.0	0.0	0.0	0.0	0.0
k__Bacteria;p__Proteobacteria;c__Gammaproteobacteria;o__Aeromonadales	0.0	0.0	0.0	0.0	0.0	0.0	0.0	0.0	0.0	0.0	0.0	0.0	0.0	0.0	0.0	0.00366158752711	0.0	0.0	0.0	0.0104914165443	0.0	0.0	0.0	0.0	0.0	0.0	0.0	0.0	0.0	0.0	0.0	0.0	0.0	0.0	0.0	0.0	0.0	0.0	0.0	0.0	0.0	0.0	0.0	0.0	0.0	0.0	0.0	0.0	0.0	0.0	0.0	0.0	0.0	0.0	0.0	0.0	0.0	0.0	0.0	0.0	0.0	0.0	0.0	0.0	0.0	0.0	0.0	0.0	0.0	0.0	0.0	0.0	0.0	0.0	0.0	0.0	0.0	0.0	0.0	0.0	0.0	0.0	0.0	0.0	0.0	0.0	0.0	0.0	0.0	0.0	0.0	0.0	0.0	0.0	0.0	0.0	0.0	0.0	0.0	0.0	0.0	0.0	0.0	0.0	0.0	0.0	0.0	0.0	0.0
k__Bacteria;p__Proteobacteria;c__Gammaproteobacteria;o__Alteromonadales	0.0	0.0	0.0	0.0	0.0	0.0	0.0	0.0	0.0	0.0	0.0	0.0	0.0	0.0	0.0	0.0	0.0	0.0	0.0	0.0	0.0	0.0	0.0	0.0	0.0	0.0	0.0	0.0	0.0	0.0	0.0	0.0	0.0	0.0	0.0	0.0	0.0	0.0	0.0	0.0	0.0	0.0	0.0	0.0	0.0	0.0	0.0	0.0	0.0	0.0	0.0	0.0	0.0	0.0	0.0	0.0	0.0	0.0	0.0	0.0	0.0	0.0	0.0	0.0	0.0	0.0	0.0	0.0	0.0	0.0	0.0	0.0	0.0	0.0	0.0	0.0	0.0	0.0	0.0	0.0	0.0	0.0	0.0	0.0	0.0	0.0	0.0	0.0	0.0	0.0	0.0	0.0	0.0	0.0	0.0	0.0	0.0	0.0	0.0	0.0	0.0	0.0	0.0	0.0	0.0	0.0	0.0	0.0	0.0
k__Bacteria;p__Proteobacteria;c__Gammaproteobacteria;o__Enterobacteriales	0.072578722179	0.0	0.0	0.0	0.00653724629523	0.0105127077434	0.00733407584757	0.011001293899	0.00974890789446	0.0	0.00888887950552	0.0180434477302	0.0170044127223	0.0221513891907	0.0	0.0	0.0224130285533	0.0100965753784	0.00561202141443	0.00481145448251	0.0	0.0239329809576	0.0160602417194	0.0275660590035	0.00697441277025	0.00747784941196	0.0	0.00480706733686	0.00738189842623	0.0132402226538	0.0352622470168	0.0	0.0	0.0139808752625	0.0187961776464	0.0	0.00850962503852	0.0	0.0	0.0160809629924	0.0	0.0128936078023	0.0	0.0	0.0	0.00715763842802	0.0237076186912	0.00542579265898	0.0	0.0382995270066	0.0	0.0	0.0	0.0124409607979	0.0	0.00584281248019	0.0121645136634	0.043823846739	0.0103249631693	0.0	0.0188130956676	0.00880230070467	0.0459345411081	0.00740576862792	0.0	0.0107296484609	0.00645927626773	0.0179011288644	0.0	0.0105274467623	0.0232751859615	0.0	0.0303929032607	0.0	0.0226408418605	0.0535382114504	0.0339565096236	0.0627037546735	0.00919023598209	0.0	0.00581011007406	0.0328098824231	0.00741614918952	0.0	0.0340488332757	0.0	0.00574740523761	0.0	0.0180567716359	0.0	0.0101376247428	0.0830651352834	0.0	0.00762627831952	0.0	0.0137371891638	0.0120557163987	0.0187988371403	0.0361088787325	0.0197332519672	0.0322087362825	0.0727586306151	0.0319533399707	0.0	0.0147446068688	0.14697174326	0.0761240473067	0.0	0.0737188419614
k__Bacteria;p__Proteobacteria;c__Gammaproteobacteria;o__Pasteurellales	0.0	0.00854955537623	0.0	0.00575587322457	0.00411958841024	0.0037224359512	0.0	0.00288756923633	0.00359364332064	0.00734999587512	0.00743828348953	0.0	0.0	0.0100415983392	0.0164294200586	0.00549752965115	0.0	0.00886285896994	0.0156092328934	0.00578646224755	0.00667273729018	0.00522516524282	0.0153897189587	0.0163134746102	0.0	0.00508040231022	0.0153314933699	0.00696598619515	0.0	0.00461834007729	0.00788260161268	0.0131472544918	0.00513335547742	0.0230736173273	0.0	0.00850749465315	0.0138010607032	0.0201017645037	0.0	0.0129787017281	0.0	0.00744982360195	0.0128440000266	0.0	0.0166426537003	0.00653823646156	0.0	0.0141980742096	0.0	0.016251370715	0.0	0.0121823198646	0.00495661091584	0.0095799654573	0.0	0.00690963106871	0.00695335476954	0.00712485962168	0.010285764657	0.00870694518313	0.0078051423076	0.0042126929602	0.0	0.0	0.0131688626867	0.010210577805	0.00633934275613	0.0102621748674	0.00600290645999	0.0	0.0	0.0	0.00945919364685	0.0	0.00509238242922	0.0102612578034	0.0	0.0	0.0113730059185	0.0	0.00858159179908	0.00907399519659	0.0124919284716	0.00936641169931	0.0072805643286	0.0	0.0	0.0	0.0	0.00300815713172	0.0	0.0	0.006801180017	0.00993365076174	0.00714268890846	0.00568844804883	0.0155110043181	0.015896118966	0.0	0.0290574196651	0.0172344644926	0.0	0.0247414178315	0.00504580530973	0.0169264911976	0.0	0.0257437317898	0.0	0.02040415916
k__Bacteria;p__Proteobacteria;c__Gammaproteobacteria;o__Pseudomonadales	0.0668169350352	0.0	0.0	0.0	0.0	0.0	0.0	0.0	0.0	0.0	0.0	0.0	0.0	0.0	0.0	0.0	0.0	0.00211002052062	0.0	0.00375047150015	0.0	0.0	0.0	0.0	0.00261918731224	0.0	0.0	0.0	0.0	0.0	0.0	0.0	0.0	0.0	0.0	0.0	0.0	0.0	0.00781356752857	0.0	0.0	0.0	0.0	0.0	0.0	0.0	0.0	0.0	0.0	0.0	0.0	0.0	0.0	0.0	0.00477386673481	0.0	0.0	0.0	0.0	0.0	0.0	0.0	0.0	0.0	0.0	0.0	0.0	0.0	0.0	0.0	0.0	0.0	0.0	0.0	0.0	0.0	0.0	0.0	0.0	0.00332545788351	0.0	0.0	0.0	0.0	0.0	0.0372007696496	0.0	0.0	0.0	0.0	0.00497738415264	0.0	0.0	0.0	0.0	0.0	0.0	0.0	0.0705676524504	0.0	0.0	0.0	0.0	0.0	0.0	0.0240236791761	0.0	0.0	0.0
k__Bacteria;p__Proteobacteria;c__Gammaproteobacteria;o__Vibrionales	0.0	0.0	0.0	0.0	0.0	0.0	0.0	0.0	0.0	0.0	0.0	0.0	0.0	0.0	0.0	0.0	0.0	0.0	0.0	0.0	0.0	0.00578990659274	0.0	0.0	0.0	0.0	0.0	0.0	0.0	0.0	0.0	0.0	0.0	0.0	0.0	0.0	0.0	0.0	0.0	0.0	0.0	0.0	0.0	0.0	0.0	0.0	0.0	0.0	0.0	0.0	0.0	0.0	0.0	0.0	0.0	0.0	0.0	0.0	0.0	0.0	0.0	0.00373458417875	0.0	0.0	0.0	0.0	0.0	0.0	0.0	0.0	0.0	0.0	0.0	0.0	0.0	0.0	0.0	0.0	0.0	0.0	0.0	0.0	0.0	0.0	0.0	0.0	0.0	0.0	0.0	0.0	0.0	0.0	0.0	0.0	0.0	0.0	0.0	0.0	0.0	0.0	0.0	0.0	0.0	0.0	0.0	0.0	0.0	0.0	0.0
k__Bacteria;p__Proteobacteria;c__Gammaproteobacteria;o__Xanthomonadales	0.0352485801739	0.0	0.0	0.0	0.0	0.0	0.0	0.0	0.0	0.0	0.0	0.0	0.0	0.0	0.0	0.0	0.0	0.0	0.0	0.0	0.0	0.0	0.0	0.00352863879574	0.0	0.0	0.0	0.0	0.0	0.0	0.0	0.0	0.0	0.0	0.0	0.0	0.0	0.0	0.0	0.0	0.0	0.0	0.0	0.0	0.0	0.0	0.0	0.0	0.0	0.0	0.0	0.0	0.0	0.0	0.0	0.0	0.0	0.0	0.0	0.0	0.0	0.0	0.0	0.0	0.0	0.0	0.0	0.0	0.0	0.0	0.0	0.0	0.0	0.00458650900468	0.0	0.0	0.0	0.0	0.0	0.0	0.0	0.0	0.0	0.0	0.0	0.0	0.0	0.00197654524735	0.0	0.0	0.0	0.0	0.0	0.0	0.00566361963011	0.0	0.0	0.0	0.0274465076323	0.0	0.0	0.0304609945951	0.0	0.0	0.0	0.0	0.0	0.0	0.0
k__Bacteria;p__Synergistetes;c__Synergistia;o__Synergistales	0.0	0.0	0.0	0.0	0.0	0.00115598790019	0.00473362025732	0.0	0.0	0.0	0.0	0.0	0.0	0.0	0.0	0.0149732709994	0.0	0.0	0.0	0.0	0.0	0.0	0.0	0.0	0.0	0.0	0.0	0.0	0.0	0.0	0.0	0.0	0.0	0.0	0.0	0.0	0.0	0.0	0.00638799526149	0.0	0.0	0.0	0.0	0.0	0.0	0.0	0.0	0.0	0.0	0.0	0.0	0.0	0.0	0.0	0.0	0.0	0.00277425303039	0.0	0.0	0.0	0.0	0.0	0.0	0.0	0.0	0.0	0.0	0.0	0.0	0.0	0.0	0.0	0.0	0.00400347675722	0.0	0.0	0.0	0.0	0.0	0.0	0.0	0.00628096299548	0.0	0.0	0.0	0.0	0.0	0.0	0.0	0.00300815713172	0.0	0.0	0.0	0.0	0.0	0.0	0.0	0.0	0.0	0.0	0.0	0.0	0.0	0.0	0.0	0.0	0.0	0.0	0.0
k__Bacteria;p__TM6;c__SJA-4;o__	0.0	0.0	0.0	0.0	0.0	0.0	0.0	0.0	0.0	0.0	0.0	0.0	0.0	0.0	0.0	0.0	0.0	0.0	0.0	0.0	0.0	0.0	0.0	0.0	0.0	0.0	0.0	0.0	0.0	0.0	0.0	0.0	0.0	0.0	0.0	0.0	0.0	0.0	0.0	0.0	0.0	0.0	0.0	0.0	0.0	0.0	0.0	0.0	0.0	0.0	0.0	0.0	0.0	0.0	0.0	0.0	0.0	0.0	0.0	0.0	0.0	0.0	0.0	0.0	0.0	0.0	0.0	0.0	0.0	0.0	0.0	0.0	0.0	0.0	0.0	0.0	0.0	0.0	0.0	0.0	0.0	0.0	0.0	0.0	0.00202522518785	0.0	0.0	0.0	0.0	0.0	0.0	0.0	0.0	0.0	0.0	0.0	0.0	0.0	0.0	0.0	0.0	0.0	0.0	0.0	0.0	0.0	0.0	0.0	0.0
k__Bacteria;p__TM7;c__TM7-3;o__I025	0.0	0.0	0.0	0.0	0.0	0.0	0.0	0.0	0.0	0.0	0.0	0.0	0.0	0.0	0.0	0.0	0.0	0.0	0.0	0.0	0.0	0.0	0.0	0.0	0.0	0.0	0.0	0.0	0.0	0.0	0.0	0.0	0.0	0.0	0.0	0.0	0.0	0.0	0.0	0.0	0.0	0.0	0.0	0.0	0.0	0.0	0.0	0.0	0.0	0.0	0.0	0.0	0.0	0.0	0.0	0.0	0.0	0.0	0.0	0.0	0.0	0.0	0.0	0.00187258172904	0.0	0.0	0.0	0.0	0.0	0.0	0.0	0.0	0.0	0.0	0.0	0.0	0.0	0.0	0.0	0.0	0.0	0.0	0.0	0.0	0.0	0.0	0.0	0.0	0.0	0.0	0.0	0.0	0.0	0.0	0.0	0.0	0.0	0.0	0.0	0.0	0.0	0.0	0.0	0.0	0.0	0.0	0.0	0.0	0.0
k__Bacteria;p__Tenericutes;c__Mollicutes;o__RF39	0.0	0.0	0.0	0.0	0.0137838868582	0.0	0.0	0.0	0.0	0.0123083047325	0.0	0.0	0.0	0.0	0.0	0.0	0.0	0.0	0.010771473135	0.0	0.0	0.0	0.0	0.0	0.0	0.0	0.0	0.0	0.00936366814723	0.0230088927098	0.0	0.0	0.0	0.0	0.0	0.0	0.0234703936242	0.0	0.0	0.0	0.0	0.0	0.0	0.00686945516863	0.0	0.0	0.0	0.0	0.0	0.0	0.0	0.0	0.00902049373149	0.0	0.0163562613742	0.0	0.0	0.0	0.0	0.0	0.0	0.00851567199319	0.0	0.0	0.0	0.0	0.0	0.0	0.0	0.00587184746042	0.0	0.0	0.0	0.0	0.0	0.0	0.0	0.0	0.0	0.0135216283544	0.0	0.0	0.0	0.0	0.0	0.0198902259894	0.0	0.0	0.0	0.0	0.0	0.0	0.0	0.0	0.0	0.0	0.0	0.0	0.0	0.0	0.0	0.0	0.0	0.0	0.0	0.0	0.0	0.0	0.0
k__Bacteria;p__Tenericutes;c__RF3;o__ML615J-28	0.0	0.0	0.0	0.0	0.00478280388185	0.0063870267893	0.0	0.0	0.0	0.0	0.0	0.0116678537566	0.0	0.0	0.0	0.0	0.0	0.0	0.0	0.00687112788577	0.0	0.0	0.0	0.0	0.0	0.0	0.0	0.0	0.00488982946155	0.0	0.0	0.0	0.00782041559863	0.0	0.0	0.0	0.0	0.0	0.0	0.0	0.0	0.0	0.0	0.0	0.0	0.0	0.0	0.0	0.0	0.0	0.0	0.0	0.0	0.0	0.0	0.0	0.0	0.0	0.0	0.0	0.0	0.0	0.0	0.0	0.0	0.0	0.0	0.0	0.0	0.0	0.0	0.0	0.0	0.0	0.0	0.0	0.0	0.0	0.0	0.0	0.0	0.0	0.0	0.0	0.0	0.0	0.0	0.00806384710238	0.0	0.0	0.00449621100533	0.0	0.0	0.0	0.0	0.0	0.0	0.0	0.0110753188467	0.0	0.0	0.0	0.0	0.0	0.0	0.0	0.0	0.0	0.0
k__Bacteria;p__Thermotogae;c__Thermotogae;o__Thermotogales	0.0	0.0	0.0	0.0	0.0	0.0	0.0101359816586	0.0	0.0	0.0	0.0	0.0	0.0	0.0	0.0	0.0	0.0	0.0	0.0	0.0	0.0	0.0	0.0	0.0	0.0	0.00304787335387	0.0	0.0	0.0	0.0	0.0	0.0	0.0	0.0146624474633	0.0	0.0	0.0	0.0	0.0100029280784	0.0	0.0	0.0	0.0	0.0	0.0	0.0	0.0	0.0	0.0	0.0	0.0	0.0	0.0	0.0	0.0	0.0	0.0	0.0	0.0	0.0	0.0	0.0	0.0	0.0	0.0	0.0	0.0	0.0	0.0	0.0	0.0	0.0	0.0	0.00323738565414	0.0	0.0	0.0	0.0	0.0	0.0	0.0	0.00628096299548	0.0	0.0	0.0	0.0	0.0	0.0	0.0	0.00772202231222	0.00449621100533	0.0	0.0	0.0	0.0	0.0	0.0	0.0	0.0	0.0	0.0	0.0	0.0	0.00540394100295	0.0103115988479	0.0	0.0	0.0	0.0
k__Bacteria;p__Verrucomicrobia;c__Verruco-5;o__LD1-PB3	0.0	0.0	0.0	0.0	0.0	0.0	0.0	0.0	0.0	0.0	0.0	0.0	0.0	0.0	0.0	0.0	0.0	0.0	0.0	0.0	0.0	0.0	0.0	0.0	0.0	0.00177009364156	0.0	0.0	0.0	0.0	0.0	0.0	0.0	0.0	0.0	0.0	0.0	0.0	0.0	0.0	0.0	0.0	0.0	0.0	0.0	0.0	0.0	0.0	0.0	0.0	0.0	0.0	0.0	0.0	0.0	0.0	0.0	0.0	0.0	0.0	0.0	0.0	0.0	0.0	0.0	0.0	0.0	0.0	0.0	0.0	0.0	0.0	0.0	0.0	0.0	0.0	0.0	0.0	0.0	0.0	0.0	0.0	0.0	0.0	0.0	0.0	0.0	0.0	0.0	0.0	0.0	0.0	0.0	0.0	0.0	0.0	0.0	0.0	0.0	0.0	0.0	0.0	0.0	0.00463348672566	0.0	0.0	0.0	0.0	0.0
k__Bacteria;p__Verrucomicrobia;c__Verruco-5;o__WCHB1-41	0.0	0.0	0.0	0.0	0.0	0.0	0.0	0.0	0.0	0.0	0.0	0.0	0.0	0.0	0.0	0.0	0.0	0.0	0.0	0.0	0.0	0.0	0.0	0.0	0.0	0.0	0.0	0.0	0.0	0.0	0.0	0.0	0.0	0.0	0.0	0.0	0.0	0.0	0.0	0.0	0.0	0.0	0.0	0.0	0.0	0.0	0.0	0.0	0.0	0.0	0.0	0.0	0.0	0.0	0.0	0.0	0.0	0.0	0.0	0.0	0.0	0.0	0.0	0.0	0.0	0.0	0.0	0.0	0.0	0.0	0.0	0.0	0.0	0.0	0.0	0.0	0.0	0.0	0.0	0.0	0.0	0.0	0.0	0.0	0.0	0.0	0.0	0.0	0.0	0.0	0.0	0.0	0.0	0.0	0.0	0.0	0.0	0.0	0.0	0.0	0.0	0.0	0.0	0.0	0.0	0.0	0.0	0.0	0.0
k__Bacteria;p__Verrucomicrobia;c__Verrucomicrobiae;o__Verrucomicrobiales	0.0211077568172	0.0156448754448	0.0227543629048	0.00750681140676	0.00704354181972	0.00714061981657	0.00771931489999	0.0128017753377	0.0155080511859	0.0165991776075	0.00412880681982	0.0226555133648	0.0233219707248	0.0	0.0095900478124	0.0120026669978	0.0184964358497	0.0209472585028	0.0164013772425	0.0138055530517	0.0101144438749	0.0	0.0	0.0118326538731	0.00579510603114	0.0107221953747	0.00623596349208	0.0086336044514	0.00818319742848	0.0	0.0174949394033	0.00502997467305	0.0150910588706	0.0181230159737	0.0232035169272	0.0075526921389	0.0	0.012986134113	0.0270952505804	0.0222307542037	0.0156026697076	0.0160483152128	0.00730028652298	0.0	0.0082771312066	0.00992376711867	0.0	0.0129908751215	0.0180996207651	0.0	0.0	0.0175491601918	0.0	0.0186804732474	0.0154568858065	0.0145225516974	0.0149210445002	0.0	0.0211915785091	0.0135391501559	0.0133608539601	0.0109104213652	0.0227009566442	0.0116764234119	0.0	0.0	0.00764833136848	0.016684823751	0.0	0.0	0.0334722476968	0.00392053689967	0.0	0.0183875475064	0.0125466199393	0.00674938705914	0.0	0.0	0.0181671344077	0.0	0.0	0.0	0.0145764386435	0.0336646770453	0.0	0.0442960203635	0.0186590323128	0.00669320881813	0.0	0.0118809340565	0.0188549639847	0.0214551664264	0.010755850799	0.0	0.0	0.00792824567319	0.0110255459799	0.0289846424171	0.0241675701307	0.00748107572582	0.0118085760172	0.0253213075406	0.0	0.00727240117994	0.0172623141725	0.0	0.0	0.0	0.0
k__Bacteria;p__Verrucomicrobia;c__[Pedosphaerae];o__[Pedosphaerales]	0.0	0.0	0.0	0.0	0.0	0.0	0.0	0.0	0.0	0.0	0.0	0.0	0.0	0.0	0.0	0.0	0.0	0.0	0.0	0.0	0.0	0.0	0.0	0.0	0.0	0.0	0.0	0.0	0.0	0.0	0.0	0.0	0.0	0.0	0.0	0.0	0.0	0.0	0.0	0.0	0.0	0.0	0.0	0.0	0.0	0.0	0.0	0.0	0.0	0.0	0.0	0.0	0.0	0.0	0.0	0.0	0.0	0.0	0.0	0.0	0.0	0.0	0.0	0.0	0.0	0.0	0.0	0.0	0.0	0.0	0.0	0.0	0.0	0.0	0.0	0.0	0.0	0.0	0.0	0.0	0.0	0.0	0.0	0.0	0.0	0.0	0.0	0.0	0.0	0.00484504580795	0.0	0.0	0.0	0.0	0.0	0.0	0.0	0.0	0.0	0.0	0.0	0.0	0.0	0.00355473746313	0.0	0.0	0.0	0.0	0.0
k__Bacteria;p__Verrucomicrobia;c__[Spartobacteria];o__[Chthoniobacterales]	0.0	0.0	0.0	0.0	0.0	0.0	0.0	0.0	0.0	0.0	0.0	0.0	0.0	0.0	0.0	0.0	0.0	0.0	0.0	0.0	0.0	0.0	0.0	0.0	0.0	0.0	0.0	0.0	0.0	0.0	0.0	0.0	0.0	0.0	0.0	0.0	0.0	0.0	0.0	0.0	0.0	0.0	0.0	0.0	0.0	0.0	0.0	0.0	0.0	0.0	0.0	0.0	0.0	0.0	0.0	0.0	0.0	0.0	0.0	0.0	0.0	0.0	0.0	0.0	0.0	0.0	0.0	0.0	0.0	0.0	0.0	0.0	0.0	0.0	0.0	0.0	0.0	0.0	0.0	0.0	0.0	0.0	0.0	0.0	0.0	0.0224173252807	0.0	0.0	0.0	0.0	0.0	0.0	0.0	0.0	0.0	0.0	0.0	0.0	0.0	0.0	0.0	0.0	0.0	0.0	0.0	0.0	0.0	0.0	0.0
k__Bacteria;p__WWE1;c__[Cloacamonae];o__[Cloacamonales]	0.0	0.0	0.0	0.0	0.0	0.0	0.00886564944424	0.0	0.0	0.0	0.0	0.0	0.0	0.0	0.0	0.0	0.0	0.0	0.0	0.0	0.0	0.0	0.0	0.0	0.0	0.00304787335387	0.0	0.0	0.0	0.0	0.0	0.0	0.0	0.00980248071087	0.0	0.0	0.0	0.0	0.0	0.0	0.0	0.0	0.0	0.0	0.0	0.0	0.0	0.0	0.0102084097369	0.0	0.0	0.0	0.0	0.00581068191181	0.0	0.0	0.0	0.0	0.0	0.0	0.0	0.0	0.0	0.0	0.0	0.0	0.0	0.0	0.0	0.0	0.00722619565318	0.0	0.0	0.00545195547178	0.0	0.0	0.0	0.0	0.0	0.0	0.0	0.0	0.0	0.0	0.0	0.0	0.0	0.0	0.0	0.00436423011997	0.0	0.0068896391365	0.0	0.0	0.0	0.0	0.0	0.0	0.0	0.0	0.0	0.0	0.0	0.00540394100295	0.0	0.0	0.0	0.0	0.0
k__Bacteria;p__[Thermi];c__Deinococci;o__Deinococcales	0.0	0.0	0.0	0.0	0.0	0.0	0.0	0.0	0.0	0.0	0.0	0.0	0.0	0.0	0.0	0.0	0.0	0.0	0.0	0.0	0.0	0.0	0.0	0.0	0.0	0.0	0.0	0.0	0.0	0.0	0.0	0.0	0.0	0.0	0.0	0.0	0.0	0.0	0.0	0.0	0.0	0.0	0.0	0.0	0.0	0.0	0.0	0.0	0.0	0.0	0.0	0.0	0.0	0.0	0.0	0.0	0.0	0.0	0.0	0.0	0.0	0.0	0.0	0.0	0.0	0.0	0.0	0.0	0.0	0.0	0.0	0.0	0.0	0.0	0.0	0.0	0.0	0.0	0.0	0.0	0.0	0.0	0.0	0.0	0.0	0.0	0.0	0.0	0.0	0.0	0.0	0.0	0.0	0.0	0.0	0.0	0.0	0.0	0.0	0.0	0.0	0.0	0.0	0.0	0.0	0.0	0.0	0.0	0.0