# Constructed from biom file
#OTU ID	175	133	43	180	232	233	61	178	229	103	137	163	164	165	169.1	170	170.7	171.7	172	174.1	194.3	195.3	208	220	231	36	375	376	380	385	389	409	44	45.1	56	63	64	202	62	156	172.1	179	180.1	181.1	205	207	216	221	26	27	364	366	382	39	392	394	408	52	66	134	171	188	228	386.3	365	406	234	86.2	60	55	161	162	226	34	235	58	74	57	176	388	407	51	88.2	206	230	210	155	185	217	29	37	38	381	393	59	395	387.3	383	138	181	76	167	209	30	33	65	236	117	237
U;n;a;s;s	0.0	0.00312389479094	0.0	0.0	0.00211166398809	0.00678309291657	0.0	0.00267049780438	0.0	0.0	0.0	0.0	0.0	0.0	0.0	0.0	0.0	0.00211002052062	0.0	0.00290693835792	0.0	0.0	0.0	0.0	0.0	0.0	0.00324405353806	0.0	0.00469620642573	0.0	0.0	0.0	0.0	0.0	0.0	0.0	0.0	0.0	0.00473468356659	0.0	0.0	0.0	0.0	0.0057820973308	0.0	0.0	0.0	0.0	0.00833047505919	0.0	0.0	0.0	0.0	0.0	0.0	0.0	0.0	0.0	0.0	0.0	0.0	0.0	0.0	0.0	0.0	0.0	0.00341803654724	0.0	0.0	0.0	0.0	0.0	0.0	0.0	0.0	0.0	0.0	0.0	0.0	0.00390294906849	0.0	0.0	0.0	0.0	0.0	0.0	0.0	0.0	0.0	0.0	0.0	0.0	0.0	0.0	0.0	0.0	0.0	0.0	0.00803779979732	0.0	0.0	0.0	0.0	0.0	0.0	0.0	0.0	0.0	0.0
k__Archaea;p__Euryarchaeota;c__Methanobacteria;o__Methanobacteriales;f__Methanobacteriaceae	0.0	0.0	0.0	0.0	0.0	0.0	0.0	0.0	0.0059519370996	0.0	0.0	0.0	0.0	0.0	0.0	0.0	0.0	0.0	0.0	0.0	0.0	0.0	0.0	0.0	0.0	0.0	0.0	0.0	0.0	0.0	0.0	0.0	0.0	0.0	0.0	0.0	0.0	0.0	0.0	0.0	0.00941023076449	0.0	0.0	0.0	0.0	0.0	0.0	0.0	0.0	0.0	0.0	0.0	0.0	0.0	0.0	0.0	0.0	0.0	0.0	0.0	0.0	0.0	0.0	0.0	0.0	0.0	0.0	0.0	0.0	0.0	0.0	0.0	0.0	0.0	0.0	0.0	0.0	0.0	0.0	0.0	0.0	0.0	0.0	0.0	0.0	0.0	0.0	0.0	0.0	0.0	0.0	0.0	0.0	0.0	0.0	0.0	0.0	0.0	0.0	0.0	0.0	0.0	0.0	0.0	0.0	0.0	0.0	0.0	0.0
k__Bacteria;p__Acidobacteria;c__Acidobacteriia;o__Acidobacteriales;f__Acidobacteriaceae	0.0	0.0	0.0	0.0	0.0	0.0	0.0	0.0	0.0	0.0	0.0	0.0	0.0	0.0	0.0	0.0	0.0	0.0	0.0	0.0	0.0	0.0	0.0	0.0	0.0	0.0	0.0	0.0	0.0	0.0	0.0	0.0	0.0	0.0	0.0	0.0	0.0	0.0	0.0	0.0	0.0	0.0	0.0	0.0	0.0	0.0	0.0	0.0	0.0	0.0	0.0	0.0	0.0	0.0	0.0	0.0	0.0	0.0	0.0	0.0	0.0	0.0	0.0	0.0	0.0	0.0	0.0	0.0	0.0	0.0	0.0	0.0	0.0	0.0	0.0	0.0	0.0	0.0	0.0	0.0	0.0	0.0	0.0	0.0	0.0	0.0	0.0	0.0	0.0	0.0	0.0	0.0	0.0	0.0	0.0	0.0	0.0	0.0	0.0	0.0	0.0	0.0	0.0	0.0	0.0	0.0	0.0	0.0	0.0
k__Bacteria;p__Acidobacteria;c__DA052;o__Ellin6513;f__	0.0	0.0	0.0	0.0	0.0	0.0	0.0	0.0	0.0	0.0	0.0	0.0	0.0	0.0	0.0	0.0	0.0	0.0	0.0	0.0	0.0	0.0	0.0	0.0	0.0	0.0	0.0	0.0	0.0	0.0	0.0	0.0	0.0	0.0	0.0	0.0	0.0	0.0	0.0	0.0	0.0	0.0	0.0	0.0	0.0	0.0	0.0	0.0	0.0	0.0	0.0	0.0	0.0	0.0	0.0	0.0	0.0	0.0	0.0	0.0	0.0	0.0	0.0	0.0	0.0	0.0	0.0	0.0	0.0	0.0	0.0	0.0	0.0	0.0	0.0	0.0	0.0	0.0	0.0	0.0	0.0	0.0	0.0	0.0	0.0	0.0263852690003	0.0	0.0	0.0	0.0	0.0	0.0	0.0	0.0	0.0	0.0	0.0	0.0	0.0	0.0	0.0	0.0	0.0	0.0	0.0	0.0	0.0	0.0	0.0
k__Bacteria;p__Acidobacteria;c__RB25;o__;f__	0.0	0.0	0.0	0.0	0.0	0.0	0.0	0.0	0.0	0.0	0.0	0.0	0.0	0.0	0.0	0.0	0.0	0.0	0.0	0.0	0.0	0.0	0.0	0.0	0.0	0.0	0.0	0.0	0.0	0.0	0.0	0.0	0.0	0.0	0.0	0.0	0.0	0.0	0.0	0.0	0.0	0.0	0.0	0.0	0.0	0.0	0.0	0.0	0.0	0.0	0.0	0.0	0.0	0.0	0.0	0.0	0.0	0.0	0.0	0.0	0.0	0.0	0.0	0.0	0.0	0.0	0.0	0.0	0.0	0.0	0.0	0.0	0.0	0.0	0.0	0.0	0.0	0.0	0.0	0.0	0.0	0.0	0.0	0.0	0.0	0.0197767573286	0.0	0.0	0.0	0.0	0.0	0.0	0.0	0.0	0.0	0.0	0.0	0.0	0.0	0.0	0.0	0.0	0.0	0.0	0.0	0.0	0.0	0.0	0.0
k__Bacteria;p__Acidobacteria;c__[Chloracidobacteria];o__RB41;f__Ellin6075	0.0	0.0	0.0	0.0	0.0	0.0	0.0	0.0	0.0	0.0	0.0	0.0	0.0	0.0	0.0	0.0	0.0	0.0	0.0	0.0	0.0	0.0	0.0	0.0	0.0	0.0	0.0	0.0	0.0	0.0	0.0	0.0	0.0	0.0	0.0	0.0	0.0	0.0	0.0	0.0	0.0	0.0	0.0	0.0	0.0	0.0	0.0	0.0	0.0	0.0	0.0	0.0	0.0	0.0	0.0	0.0	0.0	0.0	0.0	0.0	0.0	0.0	0.0	0.0	0.0	0.0	0.0	0.0	0.0	0.0	0.0	0.0	0.0	0.0	0.0	0.0	0.0	0.0	0.0	0.0	0.0	0.0	0.0	0.0	0.0	0.0	0.0	0.0	0.0	0.0	0.0	0.0	0.0	0.0	0.0	0.0	0.0	0.0	0.0	0.0	0.0	0.0	0.0	0.0	0.0	0.0	0.0	0.0	0.0
k__Bacteria;p__Actinobacteria;c__Acidimicrobiia;o__Acidimicrobiales;f__OCS155	0.0	0.0	0.0	0.0	0.0	0.0	0.0	0.0	0.0	0.0	0.0	0.0	0.0	0.0	0.0	0.0	0.0	0.0	0.0	0.0	0.0	0.0	0.0	0.0	0.0	0.0	0.0	0.0	0.0	0.0	0.0	0.0	0.0	0.0	0.0	0.0	0.0	0.0	0.0	0.0	0.0	0.0	0.0	0.0	0.0	0.0	0.0	0.0	0.00431946561318	0.0	0.0	0.0	0.0	0.0	0.0	0.0	0.0	0.0	0.0	0.0	0.0	0.0	0.0	0.0	0.0	0.0	0.0	0.0	0.0	0.0	0.0	0.0	0.0	0.0	0.0	0.0	0.0	0.0	0.0	0.0	0.0	0.0	0.0	0.0	0.0	0.0	0.0	0.0	0.0	0.0	0.0	0.0	0.0	0.0	0.0	0.0	0.0	0.0	0.0	0.0	0.0	0.0	0.0	0.0	0.0	0.0	0.0	0.0	0.0
k__Bacteria;p__Actinobacteria;c__Actinobacteria;o__Actinomycetales;f__	0.0	0.0	0.0	0.0	0.0	0.0	0.0	0.0	0.0	0.0	0.0	0.0	0.0	0.0	0.0	0.0	0.0	0.0	0.0	0.0	0.0	0.0	0.0	0.0	0.0	0.0	0.0	0.0	0.0	0.0	0.0	0.0	0.0	0.0	0.0	0.0	0.0	0.0	0.0	0.0	0.0	0.0	0.0	0.0	0.0	0.0	0.0	0.0	0.0	0.0	0.0	0.0	0.0	0.0	0.0	0.0	0.0	0.0	0.0	0.0	0.0	0.0	0.0	0.0	0.0	0.0	0.0	0.0	0.0	0.0	0.0	0.0	0.0	0.0	0.0	0.0	0.0	0.0	0.0	0.0	0.0	0.0	0.0	0.0	0.0	0.0	0.0	0.0	0.0	0.0	0.0	0.0	0.0	0.0	0.0	0.0	0.0	0.0	0.0	0.0	0.0	0.0	0.0	0.0	0.0	0.0	0.0	0.0	0.0
k__Bacteria;p__Actinobacteria;c__Actinobacteria;o__Actinomycetales;f__Actinomycetaceae	0.0	0.0	0.0	0.0	0.00666672284354	0.0127232346956	0.0	0.0	0.00220541702091	0.0	0.0082324409591	0.0	0.00825772299998	0.0	0.00712445815188	0.0	0.0	0.0	0.0	0.0	0.0	0.0	0.0	0.0180044565089	0.0294648766085	0.0144496544602	0.00324405353806	0.0	0.00298589652391	0.0	0.0	0.0	0.0	0.0	0.0	0.00950516115493	0.0	0.0	0.0	0.0	0.0	0.0	0.0	0.0	0.0	0.0	0.0	0.0	0.0	0.0	0.0	0.0	0.0	0.0	0.0	0.00450643333987	0.0	0.0	0.0	0.00391659567487	0.00450034794742	0.00211810863951	0.00543493815357	0.0229628025015	0.0	0.0167743789167	0.0	0.0	0.0	0.0	0.0	0.0	0.0	0.0152974936078	0.0036371949148	0.0	0.0	0.0	0.0	0.00628859105463	0.0	0.00926762208267	0.0	0.0109831778163	0.00640648172638	0.0	0.0	0.0	0.0	0.0	0.0	0.0	0.0	0.0	0.0	0.0	0.0	0.0	0.0122299718535	0.0	0.0	0.0	0.0	0.0	0.0	0.0	0.0	0.0	0.0
k__Bacteria;p__Actinobacteria;c__Actinobacteria;o__Actinomycetales;f__Corynebacteriaceae	0.0	0.0	0.0	0.0	0.00679690306874	0.00690315016621	0.0	0.00213647241369	0.0	0.0	0.00554253703916	0.0	0.0	0.0	0.0	0.00366158752711	0.0	0.0	0.0	0.00290693835792	0.0	0.0	0.0	0.0	0.0168304079017	0.00403335051761	0.0	0.0	0.0	0.0	0.0	0.0	0.0	0.0	0.0	0.00586589354225	0.0	0.0	0.0	0.0	0.0	0.00256893755198	0.0	0.0	0.0	0.0	0.0	0.0041827928862	0.0	0.0	0.00547347088126	0.0	0.0	0.0	0.0	0.0	0.0	0.0	0.0	0.0	0.00340900762362	0.0	0.0210807590868	0.00589478888793	0.0	0.0	0.0	0.00513815784886	0.0	0.0	0.0	0.0	0.0	0.0208801081885	0.0	0.0	0.0	0.0	0.0	0.00435484207041	0.0	0.0	0.0	0.0	0.00261187573695	0.0	0.0	0.00364572120375	0.0	0.0	0.0	0.0	0.0	0.0	0.0	0.0	0.0	0.0	0.0	0.0	0.0	0.0	0.0	0.0	0.0	0.0	0.0	0.0	0.0103748025932
k__Bacteria;p__Actinobacteria;c__Actinobacteria;o__Actinomycetales;f__Intrasporangiaceae	0.0	0.0	0.0	0.0	0.0	0.0	0.0	0.0	0.0	0.0	0.0	0.0	0.0	0.0	0.0	0.0	0.0	0.0	0.0	0.0	0.0	0.0	0.0	0.0	0.0	0.0	0.0	0.0	0.0	0.0	0.0	0.0	0.0	0.0	0.0	0.0	0.0	0.0	0.00473468356659	0.0	0.0	0.0	0.0	0.0	0.0	0.0	0.0	0.0	0.0	0.0	0.0	0.0	0.0	0.0	0.0	0.0	0.0	0.0	0.0	0.0	0.0	0.0	0.0	0.0	0.0	0.0	0.0	0.0	0.0	0.0	0.0	0.0	0.0	0.0	0.0	0.0	0.0	0.0	0.0	0.0	0.0	0.0	0.0	0.0	0.0	0.0193785791925	0.0	0.0	0.0	0.00484504580795	0.0	0.00583730946725	0.0	0.0	0.0	0.0	0.0	0.0	0.0	0.0	0.0	0.0	0.0	0.0	0.0	0.0	0.0	0.0	0.0
k__Bacteria;p__Actinobacteria;c__Actinobacteria;o__Actinomycetales;f__Microbacteriaceae	0.0	0.0	0.0	0.0	0.0	0.0	0.0	0.0	0.0	0.0	0.0	0.0	0.0	0.0	0.0	0.0	0.0	0.0	0.0	0.0	0.0	0.0	0.0	0.0	0.0	0.0	0.0	0.0	0.0	0.0	0.0	0.0	0.0	0.0	0.0	0.0	0.0	0.0	0.0	0.0	0.0	0.0	0.0	0.0	0.0	0.0	0.0	0.0	0.0	0.0	0.0	0.0	0.0	0.0	0.0	0.0	0.0	0.0	0.0	0.0	0.0	0.0	0.0	0.0	0.0	0.0	0.0	0.0	0.0	0.0	0.0	0.0	0.0	0.00545195547178	0.0	0.0	0.0	0.0	0.0	0.0	0.0	0.0	0.0	0.0	0.0	0.0	0.0	0.0	0.0	0.0	0.0	0.0	0.0	0.0	0.0	0.0	0.0	0.0	0.0	0.0	0.0	0.0116263427833	0.0	0.0	0.0	0.0	0.0	0.0	0.0
k__Bacteria;p__Actinobacteria;c__Actinobacteria;o__Actinomycetales;f__Micrococcaceae	0.0	0.0	0.0	0.0	0.0	0.0	0.0	0.0	0.0	0.0	0.0	0.0	0.0	0.0	0.0	0.0	0.0	0.0	0.00368914062655	0.0	0.0	0.0	0.0	0.0	0.0	0.0	0.0	0.0	0.0	0.0	0.0	0.0	0.0	0.0	0.0	0.0	0.0	0.0	0.0	0.0	0.0	0.0	0.0	0.0	0.0	0.0	0.0	0.00389002284243	0.0	0.0	0.0	0.0	0.0	0.0	0.0	0.0	0.0	0.0	0.0	0.0	0.0	0.0	0.0	0.0	0.0	0.0	0.0	0.0	0.0	0.0	0.0	0.0	0.0	0.0	0.0	0.0	0.0	0.0	0.0	0.0	0.0	0.0	0.0	0.0	0.0	0.0169784402626	0.0	0.0	0.0	0.0	0.0	0.0	0.0	0.0	0.0	0.0	0.00602205147273	0.0	0.0	0.0	0.0	0.0	0.0	0.0	0.0	0.0	0.0	0.0119116664401	0.0
k__Bacteria;p__Actinobacteria;c__Actinobacteria;o__Actinomycetales;f__Nocardiaceae	0.0	0.0	0.0	0.0	0.0	0.0	0.0	0.0	0.0	0.0	0.0	0.0	0.0	0.0	0.0	0.0	0.0	0.0	0.0	0.0	0.0	0.0	0.0	0.0	0.0	0.0	0.0	0.0	0.0	0.0	0.0	0.0	0.0	0.0	0.0	0.0	0.0	0.0	0.0	0.0	0.0	0.0	0.0	0.0	0.0	0.0	0.0	0.0	0.0	0.0	0.0	0.0	0.0	0.0	0.0	0.0	0.0	0.0	0.0	0.0	0.0	0.0	0.0	0.0	0.0	0.0	0.0	0.0	0.0	0.0	0.0	0.0	0.0	0.0	0.0	0.0	0.0	0.0	0.0	0.0	0.0	0.0	0.0	0.0	0.0	0.0	0.0	0.0	0.0	0.0	0.0	0.0	0.0	0.0	0.0	0.0	0.0	0.0	0.0	0.0	0.0	0.0116263427833	0.0	0.0	0.0	0.0	0.0	0.0	0.0
k__Bacteria;p__Actinobacteria;c__Actinobacteria;o__Actinomycetales;f__Nocardioidaceae	0.0	0.0	0.0	0.0	0.0	0.0	0.0	0.0	0.0	0.0	0.0	0.0	0.0	0.0	0.0	0.0	0.0	0.0	0.0	0.0	0.0	0.0	0.0	0.0	0.0	0.0	0.0	0.0	0.0	0.0	0.0	0.0	0.0	0.0	0.0	0.0	0.0	0.0	0.0	0.0	0.0	0.0	0.0	0.0	0.0	0.0	0.0	0.0	0.0	0.0	0.0	0.0	0.0	0.0	0.0	0.0	0.0	0.0	0.0	0.0	0.0	0.0	0.0	0.0	0.0	0.0	0.0	0.0	0.0	0.0	0.0	0.0	0.0	0.0	0.0	0.0	0.0	0.0	0.0	0.0	0.0	0.0	0.0	0.0	0.0	0.0	0.0	0.0	0.0	0.0	0.0	0.0	0.0	0.0	0.0	0.0	0.0	0.0	0.0	0.0	0.0	0.0	0.0	0.0	0.0	0.0	0.0	0.0	0.0
k__Bacteria;p__Actinobacteria;c__Actinobacteria;o__Actinomycetales;f__Propionibacteriaceae	0.0	0.0	0.0	0.0	0.0	0.0	0.0	0.0	0.0	0.0	0.0	0.0	0.0	0.0	0.0	0.0	0.0	0.0	0.0	0.0	0.0	0.0	0.0	0.0	0.0	0.0	0.0	0.0	0.0	0.0	0.0	0.0	0.0	0.0	0.0	0.0	0.0	0.0	0.0	0.0	0.0	0.0	0.0	0.0	0.0	0.0	0.0	0.0	0.0	0.0	0.0	0.0	0.0	0.0	0.0	0.0	0.0	0.0	0.0	0.0	0.0	0.0	0.0	0.0	0.0	0.0	0.0	0.0	0.0	0.0	0.0	0.0	0.0	0.0	0.0	0.0	0.0	0.0	0.0	0.0	0.0	0.0	0.0	0.0	0.0	0.0	0.0	0.0	0.0	0.0	0.0	0.0	0.0	0.0	0.0	0.0	0.0	0.0	0.0	0.0	0.0	0.0	0.0	0.0	0.0	0.0	0.0	0.0	0.0
k__Bacteria;p__Actinobacteria;c__Actinobacteria;o__Actinomycetales;f__Streptomycetaceae	0.0	0.0	0.0	0.0	0.0	0.0	0.0	0.0	0.0	0.0	0.0	0.0	0.0	0.0	0.0	0.0	0.0	0.0	0.0	0.0	0.0	0.0	0.0	0.0	0.0	0.0	0.0	0.0	0.0	0.0	0.0	0.0	0.0	0.0	0.0	0.0	0.0	0.0	0.0	0.0	0.0	0.0	0.0	0.0	0.0	0.0	0.0	0.0	0.0	0.0	0.0	0.0	0.0	0.0	0.0	0.0	0.0	0.0	0.0	0.0	0.0	0.0	0.0	0.0	0.0	0.0	0.0	0.0	0.0	0.0	0.0	0.0	0.0	0.0	0.0	0.0	0.0	0.0	0.0	0.0	0.0	0.0	0.0	0.0	0.0	0.0	0.0	0.0	0.0	0.0	0.0	0.0	0.0	0.0	0.0	0.0	0.0	0.0	0.0	0.0	0.0	0.0	0.0	0.0	0.0	0.0	0.0	0.0	0.0
k__Bacteria;p__Actinobacteria;c__Actinobacteria;o__Bifidobacteriales;f__Bifidobacteriaceae	0.0217616191792	0.0102874406566	0.033743434111	0.0	0.00386301022314	0.00353200682824	0.014545073889	0.0113102127535	0.0222681699502	0.0	0.00287585694707	0.0146369741864	0.0187853507238	0.0166408989368	0.0331013424364	0.020707441363	0.00965940073925	0.0108178398323	0.0	0.0301846213732	0.0101609827271	0.0323160107625	0.020370861524	0.0152286823964	0.0163937365896	0.0073664488765	0.0	0.0189795922269	0.0195914537796	0.0368566645244	0.0	0.0	0.0136671868439	0.0278792033191	0.0	0.00913218692784	0.0167942882239	0.021484410772	0.0	0.0291369445207	0.0107962617299	0.0229843195381	0.0331535428341	0.0	0.0	0.0163973648745	0.0144847914221	0.00749539046295	0.0156583056842	0.0311944090307	0.0143107889472	0.00896719072304	0.0222384431591	0.0285709517657	0.00578122102473	0.0225463540968	0.0205933974196	0.0	0.0156388935517	0.0209016776477	0.0343040033206	0.0166556119891	0.0	0.00627299504996	0.0324246101325	0.0	0.0214121752937	0.01715282712	0.0199230276958	0.0	0.023594396909	0.017858247768	0.0	0.0249718819216	0.024425698531	0.0	0.0173723429487	0.0	0.0285295737746	0.0	0.0	0.0	0.0118127552748	0.0	0.0218998394372	0.0	0.010294154716	0.0	0.0308693171186	0.0126574010077	0.0131601653902	0.0158873932044	0.0	0.0315024081301	0.0159666682448	0.0	0.0363312606175	0.0	0.0146448984398	0.0189775471991	0.0153551297086	0.0	0.0	0.0147300058997	0.0245860053013	0.0	0.0206269809951	0.0	0.0513595242845
k__Bacteria;p__Actinobacteria;c__Actinobacteria;o__Micrococcales;f__	0.0	0.0	0.0	0.0	0.0	0.0	0.0	0.0	0.0	0.0	0.0	0.0	0.0	0.0	0.0	0.0	0.0	0.0	0.0	0.0	0.0	0.0	0.0	0.0	0.0	0.0	0.0	0.0	0.0	0.0	0.0	0.0	0.0	0.0	0.0	0.0	0.0	0.0	0.0	0.0	0.0	0.0	0.0	0.0	0.0	0.0	0.0	0.0	0.0	0.0	0.0	0.0	0.0	0.0	0.0	0.0	0.0	0.0	0.0	0.0	0.0	0.0	0.0	0.0	0.0	0.0	0.0	0.0	0.0	0.0	0.0	0.0	0.0	0.0	0.0	0.0	0.0	0.0	0.0	0.0	0.0	0.0	0.0	0.0	0.0	0.0	0.0	0.0	0.0	0.0	0.0	0.0	0.0	0.0	0.0	0.0	0.0	0.0	0.0	0.0	0.0	0.0	0.0	0.0	0.0	0.0	0.0	0.0	0.0
k__Bacteria;p__Actinobacteria;c__Coriobacteriia;o__Coriobacteriales;f__Coriobacteriaceae	0.0	0.00648796392728	0.00579997288708	0.00522051512358	0.0121603283469	0.00386440766341	0.00820886653251	0.00595697906287	0.00278185803335	0.0282899922373	0.0	0.00703569093299	0.0178405384571	0.0200860626544	0.00617618891693	0.0232435605134	0.0	0.00472959505831	0.00594118087479	0.0166824933789	0.0203568278918	0.0610904090431	0.0	0.00741050313543	0.0540631866331	0.00891501540498	0.0120419921779	0.00502069707335	0.0189136924107	0.0278818059893	0.0	0.00820936065443	0.0160548142856	0.00683747431206	0.0090784328523	0.014962120749	0.0264665741048	0.0	0.0	0.0233280453725	0.00500049903061	0.0037496894848	0.00650495048867	0.0255536561474	0.0124124177783	0.00639107358301	0.00721826949643	0.00879805804357	0.00666709981482	0.00771810854639	0.0216113752881	0.0131296532093	0.017418672374	0.00931295422614	0.00375242826373	0.00653265165038	0.00618567104356	0.00566018521256	0.0116723416985	0.0128790440952	0.00926353334103	0.0142441721786	0.00874736899805	0.0165998681813	0.00422152569617	0.0110679603943	0.00846524991608	0.0157081379122	0.0220182120383	0.0232715499643	0.0	0.00738602453076	0.0195547619557	0.038821237073	0.0107899321826	0.00792120219072	0.0	0.00810333873618	0.0142888113869	0.00836834069173	0.00818898715459	0.0194148110926	0.0046650099168	0.0266914115378	0.00630747560638	0.0	0.0178222116322	0.00519588747707	0.0	0.00741467455958	0.00497738415264	0.0068896391365	0.0106418331639	0.018395006443	0.0137101181233	0.00626877536053	0.00958014701109	0.0	0.0	0.0133241219912	0.0186259921765	0.0	0.00643770431401	0.0219100884956	0.0255695902646	0.0	0.0124894427338	0.0332939447673	0.021644312933
k__Bacteria;p__Actinobacteria;c__Thermoleophilia;o__Solirubrobacterales;f__	0.0	0.0	0.0	0.0	0.0	0.0	0.0	0.0	0.0	0.0	0.0	0.0	0.0	0.0	0.0	0.0	0.0	0.0	0.0	0.0	0.0	0.0	0.0	0.0	0.0	0.0	0.0	0.0	0.0	0.0	0.0	0.0	0.0	0.0	0.0	0.0	0.0	0.0	0.0	0.0	0.0	0.0	0.0	0.0	0.0	0.0	0.0	0.0	0.0	0.0	0.0	0.0	0.0	0.0	0.0	0.0	0.0	0.0	0.0	0.0	0.0	0.0	0.0	0.0	0.0	0.0	0.0	0.0	0.0	0.0	0.0	0.0	0.0	0.0	0.0	0.0	0.0	0.0	0.0	0.0	0.0	0.0	0.0	0.0	0.0	0.0	0.0	0.0	0.0	0.0	0.0	0.0	0.0	0.0	0.0	0.0	0.0	0.0	0.0	0.0	0.0	0.0	0.0	0.0	0.0	0.0	0.0	0.0	0.0
k__Bacteria;p__Armatimonadetes;c__SJA-176;o__RB046;f__	0.0	0.0	0.0	0.0	0.0	0.0	0.0	0.0	0.0	0.0	0.0	0.0	0.0	0.0	0.0	0.0	0.0	0.0	0.0	0.0	0.0	0.0	0.0	0.0	0.0	0.0	0.0	0.0	0.0	0.0	0.0	0.0	0.0	0.0	0.0	0.0	0.0	0.0	0.0	0.0	0.0	0.0	0.0	0.0	0.0	0.0	0.0	0.0	0.0	0.0	0.0	0.0	0.0	0.0	0.0	0.0	0.0	0.0	0.0	0.0	0.0	0.0	0.0	0.0	0.0	0.0	0.0	0.0	0.0	0.0	0.0	0.0	0.0	0.0	0.0	0.0	0.0	0.0	0.0	0.0	0.0	0.0	0.0	0.0	0.0	0.0	0.0	0.0	0.0	0.0	0.0	0.00418004777256	0.0	0.0	0.0	0.0	0.0	0.0	0.0	0.0	0.0	0.0	0.0	0.0	0.0	0.0	0.0	0.0	0.0
k__Bacteria;p__Bacteroidetes;c__Bacteroidia;o__Bacteroidales;f__	0.0	0.0	0.0	0.0	0.0	0.0	0.0	0.0	0.0	0.0	0.0	0.0	0.0	0.0	0.00557217436051	0.0	0.0	0.0	0.0	0.0	0.0	0.0	0.0	0.0	0.0	0.00742745730189	0.0	0.0	0.0	0.0	0.0	0.0	0.0	0.0	0.0	0.0	0.0	0.0	0.00847094982652	0.0	0.0	0.0	0.0	0.0	0.0	0.0	0.0	0.0	0.0153040883501	0.0	0.0	0.0	0.0	0.007638133779	0.0	0.0	0.0	0.0	0.0	0.0	0.0	0.0	0.0	0.0	0.0	0.0	0.0	0.0	0.0	0.0	0.0101796452813	0.0	0.0	0.00400347675722	0.0	0.0	0.0	0.0	0.0	0.0	0.0	0.00571087332037	0.0	0.0	0.0	0.0154179002348	0.0	0.0	0.0	0.0	0.0	0.0145364596556	0.0	0.0	0.0	0.0	0.0	0.0	0.0	0.0	0.0	0.0	0.0	0.0	0.0	0.0	0.0	0.0	0.0
k__Bacteria;p__Bacteroidetes;c__Bacteroidia;o__Bacteroidales;f__Bacteroidaceae	0.087181748242	0.067971619371	0.168654748895	0.0780891738717	0.0535935274814	0.0764859139124	0.0930045077017	0.100428913865	0.105691201146	0.124132656256	0.061887928303	0.17567598929	0.12265729002	0.132296058449	0.082607451276	0.123624822349	0.151265023792	0.152719537283	0.171080383884	0.121411647044	0.110073559743	0.0687994737171	0.126968778343	0.108025533505	0.0341815431911	0.0610959038292	0.140954080781	0.114007865907	0.0814737958916	0.125369284898	0.13699957875	0.208055939816	0.0961480074844	0.156897418643	0.102936845585	0.0769399945888	0.02809607106	0.152937316207	0.10706585497	0.124970661349	0.176262919053	0.171469990095	0.168582657892	0.195065807024	0.153963365518	0.146471464051	0.0777714039938	0.120097613351	0.0285618754653	0.0404821449469	0.134991886218	0.101237873088	0.140835785693	0.108267616507	0.107209289926	0.0577769785339	0.189674591337	0.0578900710468	0.160129298825	0.0686589307458	0.12085809885	0.0864911664869	0.137352490472	0.0989408843782	0.122026954397	0.0915489495842	0.0989307550507	0.0912825461863	0.182764114552	0.059237302097	0.179473838037	0.164635022716	0.0290547227174	0.0967340156529	0.0990939050983	0.137564170563	0.221396370602	0.246652532309	0.133524324902	0.0965006436183	0.122656928902	0.110367732273	0.191641729468	0.233059266756	0.139832157911	0.19586143816	0.0805859028889	0.091254366403	0.148315890533	0.134655024641	0.10068384051	0.120855702369	0.115883854785	0.113148755723	0.126113911411	0.0772840043896	0.116759374389	0.200544267043	0.0975983563757	0.0885422248109	0.19356593724	0.09452542117	0.0700025869976	0.114024212389	0.104266519921	0.175167737206	0.19850453753	0.0580776451326	0.201163297743
k__Bacteria;p__Bacteroidetes;c__Bacteroidia;o__Bacteroidales;f__Marinilabiaceae	0.0	0.0	0.0	0.0	0.0	0.0	0.0	0.0	0.0	0.0	0.0	0.0	0.0	0.0	0.0	0.0	0.0	0.0	0.0	0.0	0.0	0.0	0.0	0.0	0.0	0.0	0.0	0.0	0.0	0.0	0.0	0.0	0.0	0.0	0.0	0.0	0.0	0.0	0.0	0.0	0.0	0.0	0.0	0.0	0.0	0.0	0.0	0.0	0.0	0.0	0.0	0.0	0.0	0.0	0.0	0.0	0.0	0.0	0.0	0.0	0.0	0.0	0.0	0.0	0.0	0.0	0.0	0.0	0.0	0.0	0.0106667617315	0.0	0.0	0.0	0.0	0.0	0.0	0.0	0.0	0.0	0.0	0.0	0.0	0.0	0.0	0.0	0.0	0.0	0.0	0.0	0.0	0.0	0.0	0.0	0.0	0.0	0.0	0.0	0.0	0.0	0.0	0.0	0.0	0.0	0.0	0.0	0.0	0.0	0.0
k__Bacteria;p__Bacteroidetes;c__Bacteroidia;o__Bacteroidales;f__Porphyromonadaceae	0.0243761688165	0.0495615637678	0.0127347334369	0.0167421254684	0.0305776636664	0.0656783999722	0.0140330775743	0.0138500474009	0.0239018583882	0.0	0.0339059766277	0.0193423481986	0.0177024108783	0.00593204927186	0.040933136373	0.0209740528883	0.0343237485748	0.0322440630115	0.0288192372186	0.0183358298202	0.0241608369387	0.03406861304	0.0	0.0	0.0535861684047	0.0300332729477	0.0186000886411	0.011261521031	0.0234427596854	0.0255965776927	0.0365101547443	0.0151173121651	0.0199561435578	0.00858714042814	0.0	0.0365395356277	0.00665221327028	0.0	0.017145142739	0.0212693688905	0.0235308857475	0.0253721894006	0.0303985555443	0.0531631548957	0.0	0.025705024718	0.0118945912211	0.0	0.0	0.0	0.0303669093397	0.0388254655779	0.0192485247404	0.0	0.0293365109929	0.03394362481	0.0348697710668	0.0389466827542	0.0307147539262	0.0133836629885	0.0450746893932	0.00163671433868	0.0	0.0631970197354	0.0257206390493	0.0519238590522	0.0447168328671	0.0128177909466	0.0184389110108	0.0	0.0	0.0239916687982	0.0	0.0448893999565	0.0164416687574	0.0370592958564	0.0118494727606	0.0289680663333	0.0423177145897	0.0463895731514	0.00581011007406	0.0412871158919	0.0278522735577	0.0	0.0346117537866	0.0208093913306	0.0	0.0	0.0158828435257	0.0102759957626	0.016793173407	0.0	0.0227986592724	0.0	0.0148972752246	0.0224706279071	0.0412030090648	0.0	0.0432361648799	0.0186943509293	0.0235395148508	0.00895355278408	0.0321728427968	0.00848084955752	0.0290296284162	0.0325971452846	0.0303940075865	0.0	0.0239834977819
k__Bacteria;p__Bacteroidetes;c__Bacteroidia;o__Bacteroidales;f__Prevotellaceae	0.0	0.0	0.00662598775725	0.0	0.00472730136692	0.0161010846148	0.0	0.0	0.0	0.00632374471841	0.0561194867567	0.0	0.00568923699111	0.0	0.0661912545416	0.0	0.00481280825978	0.00963338836195	0.0	0.0118137699286	0.0367039750352	0.0261222691178	0.0	0.0161426886532	0.00506900163237	0.0147326146513	0.0	0.0	0.0110214947408	0.0540204774379	0.0	0.0	0.0433077144304	0.0	0.0075358005794	0.0353449536932	0.0	0.0	0.0	0.0	0.0	0.0117709881277	0.0	0.00858169696116	0.0082771312066	0.0189703618983	0.0060075499131	0.0	0.0	0.0	0.0202571935603	0.0496049236459	0.00445153245571	0.0	0.00734439746364	0.0	0.0	0.0107663658945	0.0	0.00842118498367	0.0447789972662	0.0073063380166	0.00874736899805	0.0750233419311	0.00739653436358	0.0477184707324	0.0348656998244	0.00407933896849	0.0582254150816	0.0	0.0	0.0	0.012577877929	0.0	0.0	0.0	0.0391405271402	0.0	0.0	0.0621556178852	0.00476981743226	0.0278437905425	0.0	0.0	0.0307407716474	0.0	0.0	0.00391486840671	0.0	0.0	0.00699465778976	0.00583730946725	0.0398112512003	0.0	0.0556774301451	0.0	0.0111433939727	0.0	0.0	0.0	0.0146175764642	0.0157359776919	0.0	0.0	0.0	0.0	0.0121169229613	0.0138465031921	0.0
k__Bacteria;p__Bacteroidetes;c__Bacteroidia;o__Bacteroidales;f__Rikenellaceae	0.0	0.0110693506272	0.0404296992729	0.0465680315784	0.0315134659744	0.0282222383432	0.0356313008386	0.0146214174097	0.0461547822428	0.0361990837789	0.026648936438	0.0502326847763	0.0144631596819	0.023990824708	0.0115439620621	0.0428667203837	0.0180448477877	0.0178078261701	0.0179121700373	0.0333051342276	0.0237511615947	0.0	0.0	0.00885454863281	0.014020973672	0.0176535168739	0.0263414602222	0.0368381460826	0.0376440969601	0.0162874133649	0.040008303852	0.0306914869379	0.0324407454063	0.0210846758642	0.0230116725249	0.0112927908095	0.0	0.0267129494105	0.03201863253	0.0	0.0390256799027	0.0158048268199	0.0157485560493	0.0183600210856	0.0240823487447	0.0466187838196	0.0138391396273	0.0278392488794	0.0	0.0	0.0463248889151	0.029346431547	0.0304734514771	0.0503004907644	0.0285176164602	0.0136245078631	0.0282414621769	0.0363256617433	0.0352133927625	0.0170111365793	0.0417701923604	0.0291031307451	0.0203722864723	0.0337369121066	0.0343538343123	0.02281575068	0.0285326621443	0.0343624112711	0.0420570092793	0.00946830329323	0.0300896457548	0.0409936541577	0.0	0.0253827435725	0.0253510937819	0.0347657107009	0.0413736180988	0.0440727993094	0.051493920264	0.0329245218587	0.070984016385	0.017945812162	0.032561685592	0.0405483957427	0.00923397079131	0.0	0.0	0.0355550838924	0.0550782359994	0.0344961863146	0.0393879151227	0.0180148188019	0.0202118256695	0.0372435364327	0.0190171148086	0.0347048136334	0.0322389462295	0.0259274237741	0.0194836563913	0.00941125749953	0.0252340652156	0.0157359776919	0.0	0.0336949616519	0.0173568850103	0.0230405140585	0.0282373542615	0.0	0.0350887880048
k__Bacteria;p__Bacteroidetes;c__Bacteroidia;o__Bacteroidales;f__S24-7	0.0	0.0129689261618	0.0	0.0	0.0	0.0	0.0	0.0	0.0	0.0	0.0	0.0	0.0	0.0	0.0	0.0	0.0	0.0	0.0	0.0	0.0	0.0	0.0	0.0	0.0042770533078	0.0120401755344	0.0	0.0106105955252	0.00867088847781	0.0	0.0	0.0	0.0	0.0	0.0	0.0	0.0	0.0	0.0	0.0	0.0	0.0	0.0	0.0	0.0	0.0	0.0	0.0	0.0	0.0	0.0	0.0	0.0	0.0	0.0	0.0	0.0	0.0	0.0	0.0	0.0	0.0	0.0	0.0	0.0	0.0	0.00416217258665	0.0	0.0	0.0	0.0	0.0	0.0	0.0	0.0	0.0	0.0	0.0	0.0	0.00543935633536	0.0	0.0	0.0	0.0	0.0	0.0	0.0	0.0	0.0	0.0	0.0607496617333	0.0	0.0	0.00391332559564	0.0	0.012657160167	0.0	0.0	0.0	0.0	0.0	0.0	0.0	0.0	0.0	0.0	0.0	0.0	0.0
k__Bacteria;p__Bacteroidetes;c__Bacteroidia;o__Bacteroidales;f__[Barnesiellaceae]	0.0	0.0	0.0174983161638	0.0	0.0	0.0	0.00929467402411	0.0	0.00785506562613	0.0	0.00554253703916	0.0	0.0	0.0	0.0	0.0	0.0	0.0	0.0	0.0	0.0116307097042	0.0154511894198	0.0	0.0	0.0	0.0	0.0	0.0137014561869	0.013788737728	0.0	0.0	0.0120056882346	0.0	0.0	0.0	0.0	0.0	0.0	0.00781356752857	0.0	0.0	0.0	0.0	0.0	0.0	0.0194785288105	0.0	0.0	0.0	0.0	0.0	0.0151067192433	0.0	0.0132489322832	0.0	0.0	0.0	0.0	0.0	0.0	0.00391372093234	0.0	0.0	0.0	0.0	0.0	0.0054734913358	0.0	0.0	0.0	0.0	0.0	0.0	0.0	0.0	0.0	0.0133956148902	0.0	0.0	0.0135900706823	0.0	0.0	0.0	0.0	0.00823510904738	0.0	0.0	0.0	0.0	0.0143017474735	0.0	0.0	0.01328839029	0.0	0.0	0.0	0.0	0.0	0.0110753188467	0.0	0.00675661356904	0.0	0.0	0.0134398112094	0.0	0.0	0.0	0.0	0.0
k__Bacteria;p__Bacteroidetes;c__Bacteroidia;o__Bacteroidales;f__[Odoribacteraceae]	0.0	0.0	0.0	0.0	0.00488211028337	0.00594514810021	0.0189422078871	0.0	0.00961072282848	0.0	0.00868977172276	0.0105141794043	0.0	0.0	0.0	0.0113604090269	0.0153180028807	0.0132311778152	0.0	0.00715747272476	0.00872394971068	0.00578990659274	0.0	0.0	0.0039248583515	0.0057691888484	0.0120245402788	0.00925983748209	0.00809098829299	0.0	0.0	0.0158213764007	0.0	0.0	0.0	0.0	0.0	0.0	0.00694892321354	0.0	0.0	0.0	0.0132297412268	0.0169177513568	0.0	0.0191923613366	0.0	0.01182759154	0.0	0.0	0.0201903527981	0.0	0.0118057285276	0.0108432060924	0.029950011217	0.00993062546892	0.0137198967693	0.0	0.0194561534631	0.0	0.0	0.0	0.0	0.0	0.0	0.0	0.0	0.0	0.0	0.0	0.0	0.0	0.0	0.0	0.0	0.0155309629528	0.0112732203133	0.0	0.0	0.0184044747681	0.0	0.0	0.0154119152585	0.0	0.0108278121706	0.0	0.0	0.0	0.0	0.00937878505145	0.0133316708946	0.0	0.0201056713195	0.0	0.0135278811815	0.0	0.0	0.0	0.0103186599891	0.0	0.0178508086645	0.0	0.0	0.00800830678466	0.0	0.0171906191985	0.0	0.0	0.0
k__Bacteria;p__Bacteroidetes;c__Bacteroidia;o__Bacteroidales;f__[Paraprevotellaceae]	0.0	0.0	0.0	0.0	0.0	0.0	0.0	0.0	0.0	0.0	0.0	0.0	0.0	0.0	0.0114372789716	0.0018281460353	0.0	0.0	0.0	0.0	0.0102065207437	0.00765194189211	0.0	0.0	0.0	0.0	0.0	0.0	0.0	0.0	0.0	0.0	0.0120371937169	0.0	0.0	0.0	0.0	0.0	0.0	0.0	0.0	0.0	0.0	0.0	0.0	0.0244921076454	0.0	0.0	0.0	0.0	0.0319763379663	0.0213450578791	0.0	0.0117008671677	0.0	0.0	0.0	0.0	0.0	0.0	0.0	0.0	0.0	0.0	0.0	0.0	0.0	0.0	0.0	0.0	0.0	0.0	0.0	0.0	0.0	0.0	0.0	0.0	0.0	0.0359921272512	0.0	0.0	0.0	0.0	0.0	0.0208093913306	0.0	0.0	0.0	0.0	0.0	0.0	0.0292538547415	0.0	0.0	0.0	0.0	0.0	0.0	0.0	0.0308645435142	0.0	0.0	0.0	0.0	0.0	0.0	0.0	0.0
k__Bacteria;p__Bacteroidetes;c__Cytophagia;o__Cytophagales;f__Cytophagaceae	0.0	0.0	0.0	0.0	0.0	0.0	0.0	0.0	0.0	0.0	0.0	0.0	0.0	0.0	0.0	0.0	0.0	0.0	0.0	0.0	0.0	0.0	0.0	0.0	0.0	0.0	0.0	0.0	0.0	0.0	0.0	0.0	0.0	0.0	0.0	0.0	0.0	0.0	0.0	0.0	0.0	0.0	0.0	0.0	0.0	0.0	0.0	0.0	0.0	0.0	0.0	0.0	0.0	0.0	0.0	0.0	0.0	0.0	0.0	0.0	0.0	0.0	0.0	0.0	0.0	0.0	0.0	0.0	0.0	0.0	0.0	0.0	0.0	0.0	0.0	0.0	0.0	0.0	0.0	0.0	0.0	0.0	0.0	0.0	0.0	0.0	0.0	0.0	0.0	0.0	0.0	0.0	0.0	0.0	0.0	0.0	0.0	0.0	0.0	0.0	0.0	0.0	0.0	0.0	0.0	0.0	0.0	0.0	0.0
k__Bacteria;p__Bacteroidetes;c__Flavobacteriia;o__Flavobacteriales;f__Flavobacteriaceae	0.0	0.0	0.0	0.0	0.0	0.0	0.0	0.0	0.0	0.0	0.0	0.0	0.0	0.0	0.0	0.0	0.0	0.0	0.0	0.0	0.0	0.0	0.0	0.0	0.0	0.0	0.0	0.0	0.0	0.0	0.0	0.0	0.0	0.0	0.0	0.0	0.0	0.0	0.0	0.0	0.00404405909372	0.0	0.0	0.0	0.0	0.0	0.0	0.0	0.0	0.0	0.0	0.0	0.0	0.0	0.0	0.0	0.0	0.0	0.0	0.0	0.0	0.0	0.0	0.0	0.0	0.0	0.0	0.0	0.0	0.0	0.0	0.0	0.0	0.0	0.0	0.0	0.0	0.0	0.0	0.0	0.0	0.0	0.0	0.0	0.0	0.0	0.0	0.0	0.0	0.0	0.0	0.0	0.0	0.0	0.0	0.0	0.0	0.0	0.0	0.0	0.0	0.0571289770968	0.0	0.0	0.0	0.0	0.0	0.0	0.0
k__Bacteria;p__Bacteroidetes;c__Flavobacteriia;o__Flavobacteriales;f__[Weeksellaceae]	0.0415280583437	0.0	0.0	0.0	0.0	0.0	0.0	0.0	0.0	0.0	0.0	0.0	0.0	0.0	0.0	0.0	0.0	0.0	0.0	0.0	0.0	0.0	0.0	0.0	0.0	0.0	0.0	0.0	0.0	0.0	0.0	0.0	0.0	0.0	0.0	0.0	0.0	0.0	0.0	0.0	0.0	0.0	0.0	0.0	0.0	0.0	0.0	0.0	0.0	0.0	0.0	0.0	0.0	0.0	0.0	0.0	0.0	0.0	0.0	0.0	0.0	0.0	0.0	0.0	0.0	0.0	0.0	0.0	0.0	0.0	0.0	0.0	0.0	0.0	0.0	0.0	0.0	0.0	0.0	0.0	0.0	0.0	0.0	0.0	0.0	0.0	0.0	0.0	0.0	0.0	0.0	0.0	0.0	0.0	0.0	0.0	0.0	0.0	0.0	0.0	0.0	0.0157359776919	0.0	0.0	0.0	0.0	0.0	0.0	0.0
k__Bacteria;p__Bacteroidetes;c__Sphingobacteriia;o__Sphingobacteriales;f__Sphingobacteriaceae	0.0277894503207	0.0	0.0	0.0	0.0	0.0	0.0	0.0	0.0	0.0	0.0	0.0	0.0	0.0	0.0	0.0	0.0	0.0	0.0	0.0	0.0	0.0	0.0	0.0	0.0	0.0	0.0	0.0	0.0	0.0	0.0	0.0	0.0	0.0	0.0	0.0	0.0	0.0	0.0	0.0	0.0	0.0	0.0	0.0	0.0	0.0	0.0	0.0	0.0	0.0	0.0	0.0	0.0	0.0	0.0	0.0	0.0	0.0	0.0	0.0	0.0	0.0	0.0	0.0	0.0	0.0	0.0	0.0	0.0	0.0	0.0	0.0	0.0	0.0	0.0	0.0	0.0	0.0	0.0	0.0	0.0	0.0	0.0	0.0	0.0	0.0	0.0	0.0	0.0	0.0	0.0	0.0	0.0	0.0	0.0	0.0	0.0	0.0	0.0	0.0	0.0	0.0310073011224	0.0	0.0	0.0	0.0	0.0	0.0	0.0
k__Bacteria;p__Bacteroidetes;c__[Saprospirae];o__[Saprospirales];f__Chitinophagaceae	0.0	0.0	0.0	0.0	0.0	0.0	0.0	0.0	0.0	0.0	0.0	0.0	0.0	0.0	0.0	0.0	0.0	0.0	0.0	0.0	0.0	0.0	0.0	0.0	0.0	0.0	0.0	0.0	0.0	0.0	0.0	0.0	0.0	0.0	0.0	0.0	0.0	0.0	0.0	0.0	0.0	0.0	0.0	0.0	0.0	0.0	0.0	0.0	0.0	0.0	0.0	0.0	0.0	0.0	0.0	0.0	0.0	0.0	0.0	0.0	0.0	0.0	0.0	0.0	0.0	0.0	0.0	0.0	0.0	0.0	0.0	0.0	0.0	0.0	0.0	0.0	0.0	0.0	0.0	0.0	0.0	0.0	0.0	0.0	0.0	0.0	0.0	0.00253395069727	0.0	0.0	0.0	0.0	0.0	0.0	0.0	0.0	0.0	0.0	0.0	0.0	0.0	0.0	0.0	0.0	0.0	0.0	0.0	0.0	0.0
k__Bacteria;p__Chlorobi;c__BSV26;o__PK329;f__	0.0	0.0	0.0	0.0	0.0	0.0	0.0	0.0	0.0	0.0	0.0	0.0	0.0	0.0	0.0	0.0	0.0	0.0	0.0	0.0	0.0	0.0	0.0	0.0	0.0	0.0	0.0	0.0	0.0	0.0	0.0	0.0	0.0	0.0	0.0	0.0	0.0	0.0	0.0	0.0	0.0	0.0	0.0	0.0	0.0	0.0	0.0	0.0	0.0	0.0	0.0	0.0	0.0	0.0	0.0	0.0	0.0	0.0	0.0	0.0	0.0	0.0	0.0	0.0	0.0	0.0	0.0	0.0	0.0	0.0	0.0	0.0	0.0	0.0	0.0	0.0	0.0	0.0	0.0	0.0	0.0	0.0	0.0	0.0	0.0	0.0	0.0	0.0	0.0	0.0	0.0	0.0	0.0	0.0	0.0	0.0	0.0	0.0	0.0	0.0	0.0	0.0	0.0	0.0	0.0	0.0	0.0	0.0	0.0
k__Bacteria;p__Chloroflexi;c__Anaerolineae;o__Anaerolineales;f__Anaerolinaceae	0.0	0.0	0.0	0.0	0.0	0.0	0.00523513012212	0.0	0.0	0.0	0.0	0.0	0.0	0.0	0.0	0.0	0.0	0.0	0.0	0.0	0.0	0.0	0.0	0.0	0.0	0.0033422991655	0.0	0.0	0.0	0.0	0.0	0.0	0.0	0.00555799261928	0.0	0.0	0.0	0.0	0.013336918475	0.0	0.0	0.0	0.0	0.0	0.0	0.0	0.0	0.0	0.0	0.0	0.0	0.0	0.0	0.0	0.0	0.0	0.0	0.0	0.0	0.0	0.0	0.0	0.0	0.0	0.0	0.0	0.0	0.0	0.0	0.0	0.00722619565318	0.0	0.0	0.00505725608045	0.0	0.0	0.0	0.0	0.0	0.0	0.0	0.007168674061	0.0	0.0	0.0	0.0	0.0	0.0	0.0	0.0	0.0	0.0068896391365	0.0	0.0	0.0	0.0	0.0	0.0	0.0	0.0	0.0	0.0	0.0	0.0	0.0	0.0	0.0	0.0	0.0
k__Bacteria;p__Cyanobacteria;c__4C0d-2;o__YS2;f__	0.0	0.0	0.0123404286748	0.0	0.00388649543944	0.0	0.0	0.0106358820808	0.0	0.0	0.0	0.0	0.0	0.0	0.0	0.0	0.0	0.0	0.0	0.0	0.0	0.0	0.0	0.0	0.00372270348995	0.0	0.0	0.0	0.0	0.0	0.0	0.0	0.00405835734017	0.0	0.0	0.0	0.0	0.0	0.0	0.0	0.0	0.0037496894848	0.00730028652298	0.0237438829452	0.0	0.0	0.0	0.0	0.0	0.0	0.0	0.0	0.0	0.0	0.0120340944492	0.0	0.0	0.0	0.0	0.0	0.0	0.0	0.0	0.0	0.0	0.0	0.0	0.0127414692051	0.0	0.0	0.0	0.0	0.0	0.0	0.0	0.0	0.0	0.0	0.0	0.00814941206159	0.0	0.0	0.00319077996999	0.0	0.0	0.0	0.0	0.0	0.0148627111758	0.0	0.0057315117687	0.0	0.0077565691663	0.0	0.00458661357846	0.0167355764741	0.0	0.0	0.0	0.0	0.0	0.0	0.0	0.0	0.0	0.0	0.0	0.0	0.0
k__Bacteria;p__Cyanobacteria;c__Chloroplast;o__Streptophyta;f__	0.0	0.0	0.0	0.0	0.0	0.0	0.0	0.0	0.0	0.0	0.0	0.0	0.0	0.0	0.0	0.0	0.00481280825978	0.0	0.0	0.0	0.0	0.0	0.0	0.0	0.0	0.0	0.0	0.0	0.0	0.00875147549222	0.0	0.0	0.0	0.0	0.0	0.0	0.0	0.0	0.0	0.0060706665352	0.0	0.00323459955769	0.0	0.0	0.0	0.00546448087432	0.0	0.00508131051509	0.0	0.0	0.0	0.0	0.0	0.0	0.0	0.0	0.0	0.0	0.0	0.0	0.0	0.0	0.0	0.0	0.0	0.0	0.0	0.0	0.0	0.0	0.0	0.0	0.0	0.0	0.0	0.0	0.0	0.0	0.0	0.0	0.0	0.0	0.0	0.0	0.0	0.0	0.0	0.0	0.0	0.0	0.0	0.0	0.0	0.0	0.0	0.0	0.0	0.0	0.0	0.0	0.0	0.0	0.0	0.0	0.0	0.0	0.00704841944457	0.0	0.0123304687456
k__Bacteria;p__Cyanobacteria;c__Nostocophycideae;o__Nostocales;f__Nostocaceae	0.0	0.0	0.0	0.0	0.0	0.0	0.0	0.0	0.0	0.0	0.0	0.0	0.0	0.0	0.0	0.0	0.0	0.0	0.0	0.0	0.0	0.0	0.0	0.0	0.0	0.0	0.0	0.0	0.0	0.0	0.0	0.0	0.0	0.0	0.0	0.0	0.0	0.0	0.0	0.0	0.0	0.0	0.0	0.0	0.0	0.0	0.0	0.0	0.0	0.0	0.0	0.0	0.0	0.0	0.0	0.0	0.0	0.0	0.0	0.0	0.0	0.0	0.0	0.0	0.0	0.0	0.0	0.0	0.0	0.0	0.0	0.0	0.0	0.0	0.0	0.0	0.0	0.0	0.0	0.0	0.0	0.0	0.0	0.0	0.0	0.0	0.0	0.0	0.0	0.0	0.0	0.0	0.0	0.0	0.0	0.0	0.0	0.0	0.0	0.0	0.0	0.0	0.0	0.0	0.0	0.0	0.0	0.0	0.0
k__Bacteria;p__Elusimicrobia;c__Elusimicrobia;o__Elusimicrobiales;f__Elusimicrobiaceae	0.0	0.0	0.0	0.0	0.0	0.0	0.0	0.0	0.0	0.0	0.0	0.0	0.0	0.0	0.0	0.0	0.0	0.0	0.0	0.0	0.0	0.0	0.0	0.0	0.0	0.0	0.0	0.0	0.0	0.0	0.0	0.0	0.0	0.0	0.0	0.0	0.0	0.0	0.0	0.0	0.0	0.0	0.0	0.0	0.0	0.0	0.0	0.0	0.0	0.0	0.0	0.0	0.0	0.0	0.0	0.0	0.0	0.0	0.0	0.0	0.0	0.0	0.0	0.0	0.0	0.0	0.0	0.0	0.0	0.0	0.0	0.0	0.0	0.0	0.0	0.0	0.0	0.0	0.0	0.0	0.0	0.0	0.0	0.0	0.0	0.0	0.0	0.0	0.0	0.00377382732347	0.0	0.0	0.0	0.0	0.0	0.0	0.0	0.0	0.0	0.0	0.0	0.0	0.0	0.0	0.0	0.0	0.0	0.0	0.0
k__Bacteria;p__FBP;c__;o__;f__	0.0	0.0	0.0	0.0	0.0	0.0	0.0	0.0	0.0	0.0	0.0	0.0	0.0	0.0	0.0	0.0	0.0	0.0	0.0	0.0	0.0	0.0	0.0	0.0	0.0	0.0	0.0	0.0	0.0	0.0	0.0	0.0	0.0	0.0	0.0	0.0	0.0	0.0	0.0	0.0	0.0	0.0	0.0	0.0	0.0	0.0	0.0	0.0	0.0	0.0	0.0	0.0	0.0	0.0	0.0	0.0	0.0	0.0	0.0	0.0	0.0	0.0	0.0	0.0	0.0	0.0	0.0	0.0	0.0	0.0	0.0	0.0	0.0	0.0	0.0	0.0	0.0	0.0	0.0	0.0	0.0	0.0	0.0	0.0	0.0	0.0	0.0	0.0	0.0	0.0	0.0	0.0	0.0	0.0	0.0	0.0	0.0	0.0	0.0	0.0	0.0	0.0	0.0	0.0	0.0	0.0	0.0	0.0	0.0
k__Bacteria;p__Firmicutes;c__Bacilli;o__Bacillales;f__	0.0	0.0	0.0	0.0	0.0	0.0	0.0	0.0	0.0	0.0	0.0	0.0	0.0	0.0	0.0	0.0	0.0	0.0	0.0	0.0	0.0	0.0	0.0	0.0	0.0	0.0	0.0	0.0	0.0	0.0	0.0	0.0	0.0	0.0	0.0	0.0	0.0	0.0	0.0	0.0	0.0	0.0	0.0	0.0	0.0	0.0	0.0	0.0	0.0	0.0	0.0	0.0	0.0	0.0	0.0	0.0	0.0	0.0	0.0	0.0	0.0	0.0	0.0	0.0	0.0	0.0	0.0	0.0	0.0	0.0	0.0	0.0	0.0	0.0	0.0	0.0	0.0	0.0	0.0	0.0	0.0	0.0	0.0	0.0	0.0	0.0307264831011	0.0	0.0	0.0	0.0	0.0	0.0	0.0	0.0	0.0	0.0	0.0	0.0	0.0	0.0	0.0	0.0	0.0	0.0	0.0	0.0	0.0	0.0	0.0
k__Bacteria;p__Firmicutes;c__Bacilli;o__Bacillales;f__Bacillaceae	0.0189386134219	0.0	0.0	0.0	0.0	0.0	0.0	0.00631732258459	0.0	0.0	0.0	0.0	0.0	0.0	0.0	0.0	0.0	0.0	0.0	0.0	0.0	0.0	0.0	0.0	0.0	0.0	0.0	0.0	0.0	0.0	0.0	0.0	0.0	0.0	0.0	0.0	0.00897270283881	0.0	0.0	0.0	0.0	0.0	0.0	0.0	0.0	0.0	0.0	0.0	0.0	0.0	0.0	0.0	0.0	0.0	0.0	0.0	0.0	0.0	0.0	0.0050577874361	0.0	0.0	0.0	0.0	0.0	0.0	0.0	0.0	0.0	0.0	0.0	0.0	0.0	0.0	0.0	0.0	0.0	0.0	0.0	0.0	0.0	0.0	0.0	0.0	0.0	0.0661930503213	0.0	0.0	0.0	0.0	0.0	0.0	0.0	0.0	0.0	0.0	0.0	0.0	0.0	0.0	0.0	0.0	0.0	0.0	0.0	0.0	0.0	0.0	0.0
k__Bacteria;p__Firmicutes;c__Bacilli;o__Bacillales;f__Paenibacillaceae	0.0	0.0	0.0	0.0	0.0	0.0	0.0	0.0	0.0	0.0	0.0	0.0	0.0	0.0	0.0	0.0	0.0	0.0	0.0	0.0	0.0	0.0	0.0	0.0	0.0	0.0	0.0	0.0	0.0	0.0	0.0	0.0	0.0	0.0	0.0	0.0	0.0	0.0	0.0	0.0	0.0	0.0	0.0	0.0	0.0	0.0	0.0	0.0	0.0	0.0	0.0	0.0	0.0	0.0	0.0	0.0	0.0	0.0	0.0	0.0	0.0	0.0	0.0	0.0	0.0	0.0	0.0	0.0	0.0	0.0	0.0	0.0	0.0	0.0	0.0	0.0	0.0	0.0	0.0	0.0	0.0	0.0	0.0	0.0	0.0	0.0	0.0	0.0	0.0	0.0	0.0	0.0	0.0	0.0	0.0	0.0	0.0	0.0	0.0200773083228	0.0	0.0	0.0	0.0	0.0	0.0	0.0	0.0	0.0	0.0
k__Bacteria;p__Firmicutes;c__Bacilli;o__Bacillales;f__Planococcaceae	0.0	0.0	0.0	0.0	0.0	0.0	0.0	0.0	0.0	0.0	0.0	0.0	0.0119096395385	0.0	0.0	0.0	0.0	0.0	0.0	0.0	0.0	0.0	0.0	0.0	0.0	0.0	0.0	0.0	0.0	0.0	0.0	0.0	0.0	0.0	0.0	0.00508499223917	0.0	0.0	0.0	0.0	0.0	0.0	0.0	0.0	0.0	0.0	0.0	0.0	0.0	0.0	0.0	0.0	0.0	0.0	0.0	0.0	0.0	0.0	0.0	0.0	0.0	0.0	0.0	0.0	0.0	0.0	0.0	0.0	0.0	0.00508345888179	0.0	0.0	0.0	0.0	0.0	0.0	0.0	0.0	0.0	0.0	0.0	0.0	0.0	0.0	0.0	0.0	0.0	0.0	0.0	0.0	0.0	0.0	0.0	0.0	0.0	0.0	0.0	0.0	0.0	0.0	0.0	0.0	0.0	0.0	0.0	0.0	0.0	0.0	0.0
k__Bacteria;p__Firmicutes;c__Bacilli;o__Bacillales;f__Staphylococcaceae	0.0	0.0	0.0	0.0	0.0	0.0	0.0	0.0	0.0	0.0	0.0	0.0	0.0	0.0	0.0107122373797	0.0	0.0	0.0	0.0	0.0	0.0	0.0	0.0	0.0	0.0218356670102	0.0	0.0	0.0	0.0	0.0	0.0	0.0	0.0	0.0	0.0	0.0	0.0	0.0	0.00741492784105	0.0	0.0	0.00510324987913	0.0	0.0	0.0	0.0	0.0	0.0	0.0	0.0	0.0	0.0	0.0	0.0	0.0	0.0	0.0	0.0	0.0	0.0	0.0	0.0	0.00968140803899	0.0	0.0	0.0	0.0	0.0	0.0	0.0	0.0	0.0	0.0	0.0	0.00465034716639	0.0	0.0	0.0	0.0	0.0	0.0	0.0	0.0051904681596	0.0	0.00433678236082	0.0241830083448	0.00926519106573	0.0	0.0	0.0	0.0	0.0	0.0	0.0	0.0	0.0	0.0	0.0	0.0	0.0	0.0	0.0	0.0	0.0	0.0	0.0	0.0	0.0	0.0
k__Bacteria;p__Firmicutes;c__Bacilli;o__Gemellales;f__Gemellaceae	0.0	0.0	0.0	0.0	0.0	0.0	0.0	0.0	0.0	0.0	0.0	0.0	0.0	0.0	0.0	0.0	0.0	0.0	0.0	0.0	0.0	0.0	0.0	0.00561785336117	0.00295639226841	0.0	0.0	0.0	0.0	0.0	0.0	0.0	0.0	0.0	0.0	0.0	0.0	0.0	0.0	0.0	0.0	0.0	0.0	0.0	0.0	0.0	0.0	0.0	0.0	0.0	0.0	0.0	0.0	0.0	0.0	0.0	0.0	0.0	0.0	0.0	0.0	0.0	0.0	0.0	0.0	0.0	0.0	0.0	0.0	0.0	0.0	0.0	0.0	0.0	0.0	0.0	0.0	0.0	0.00447163206306	0.0	0.0	0.0	0.0	0.0	0.0	0.0	0.0	0.0	0.0	0.0	0.0	0.00583730946725	0.0	0.0	0.0	0.0	0.005581882556	0.0	0.0	0.0	0.0	0.0	0.0	0.0	0.0	0.0	0.0	0.0138465031921	0.0
k__Bacteria;p__Firmicutes;c__Bacilli;o__Lactobacillales;Other	0.0	0.0	0.0	0.0	0.0	0.0	0.0	0.0	0.0	0.0	0.0	0.0	0.0	0.0	0.0	0.0	0.0	0.0	0.0	0.0	0.0	0.0	0.0	0.0	0.0	0.0	0.0	0.0	0.0	0.0	0.0	0.0	0.0	0.0	0.0	0.0	0.0	0.0	0.0	0.0	0.0	0.0	0.0	0.0	0.0	0.0	0.0	0.0	0.0	0.0	0.0	0.0	0.0	0.0	0.0	0.0	0.0	0.0	0.0	0.0	0.0	0.0	0.0	0.0	0.0	0.0	0.0	0.0	0.0	0.0	0.0	0.0	0.0	0.0	0.0	0.0	0.0	0.0	0.0	0.0	0.0	0.0	0.0	0.0	0.0	0.0	0.0	0.0	0.0	0.0	0.0	0.0	0.0	0.0	0.0	0.0	0.0105215982625	0.0	0.0	0.0	0.0	0.0	0.0	0.0	0.0	0.0	0.0	0.0	0.0
k__Bacteria;p__Firmicutes;c__Bacilli;o__Lactobacillales;f__Aerococcaceae	0.0	0.0	0.0	0.0	0.0	0.00388953372825	0.0	0.0	0.0	0.0	0.0	0.0	0.0	0.0	0.0	0.0	0.0	0.0	0.0	0.0	0.0	0.0	0.0	0.0	0.00594220416324	0.0	0.0	0.0	0.0	0.0	0.0	0.0	0.0	0.0	0.0	0.00543337001704	0.0	0.0	0.0	0.0	0.0	0.0	0.0	0.0	0.0	0.0	0.0	0.0	0.0	0.0	0.0	0.0	0.0	0.0	0.0	0.0	0.0	0.0	0.0	0.0	0.0	0.0	0.0	0.0	0.0	0.00551100368723	0.0	0.0	0.0	0.0	0.0	0.0	0.0	0.0	0.0	0.0	0.0	0.0	0.0	0.0	0.0	0.0	0.0	0.0	0.0	0.0	0.0	0.0	0.0	0.0	0.0	0.0	0.0	0.0	0.0	0.0	0.0	0.0	0.0	0.0	0.0	0.0	0.0	0.0	0.0	0.0	0.0	0.0	0.0
k__Bacteria;p__Firmicutes;c__Bacilli;o__Lactobacillales;f__Carnobacteriaceae	0.0	0.0	0.0	0.0	0.0	0.0	0.0	0.0	0.0	0.0	0.0	0.0	0.0	0.0	0.0	0.0	0.0	0.0	0.0	0.0	0.0	0.0	0.0	0.00868737931963	0.0	0.0	0.0	0.0	0.0	0.0	0.0	0.0	0.0	0.0	0.0	0.0	0.0	0.0	0.0	0.0	0.0	0.0	0.0	0.0	0.0	0.0	0.0	0.0	0.0	0.0	0.0	0.0	0.0	0.0	0.0	0.0	0.0	0.0	0.0	0.0	0.0	0.0	0.0	0.0	0.0	0.0	0.0	0.0	0.0	0.0	0.0	0.0	0.0	0.0	0.0	0.0	0.0	0.0	0.0	0.0	0.0	0.0	0.0	0.0	0.0	0.0	0.0	0.0	0.0	0.0	0.0	0.0	0.0	0.0	0.0	0.0	0.0	0.0	0.0	0.0	0.0	0.0	0.0	0.0	0.0	0.0	0.0	0.0	0.0
k__Bacteria;p__Firmicutes;c__Bacilli;o__Lactobacillales;f__Enterococcaceae	0.0	0.0	0.0	0.0	0.00569890323688	0.0	0.0	0.0	0.0	0.0	0.0	0.0	0.0175402397777	0.0172015880634	0.0	0.0	0.0	0.0	0.0	0.0	0.0	0.0	0.0	0.00992849091519	0.0	0.0	0.0	0.0	0.0	0.0	0.00988400702333	0.0	0.0	0.0	0.0	0.0	0.0	0.0	0.0	0.0	0.0	0.0	0.0	0.0	0.0	0.0	0.0	0.0	0.0	0.0	0.0	0.0	0.0	0.0	0.0	0.0	0.0	0.0	0.0	0.0	0.0	0.0	0.0201462349568	0.0	0.0	0.0	0.0	0.0	0.0	0.0	0.0	0.0	0.0	0.0	0.0	0.0	0.0	0.0	0.0	0.0	0.0	0.0	0.0	0.0	0.00988348236897	0.0	0.0	0.0	0.0	0.0	0.0	0.0	0.0	0.0	0.0	0.0	0.0	0.0	0.0	0.0	0.0	0.0	0.0	0.0	0.0	0.0451224109222	0.0	0.0	0.0242560980996
k__Bacteria;p__Firmicutes;c__Bacilli;o__Lactobacillales;f__Lactobacillaceae	0.0	0.0	0.0	0.00750681140676	0.0	0.0	0.0	0.0	0.0	0.0	0.0	0.0	0.0	0.0	0.0	0.0	0.0	0.0	0.0	0.0	0.0	0.0330314056033	0.0	0.0090126763365	0.051676554463	0.0	0.0	0.0	0.0	0.00906535392704	0.0	0.0	0.0	0.0	0.0	0.0	0.0237589783403	0.012986134113	0.0	0.0130492169834	0.0	0.0	0.0	0.0	0.0	0.0	0.0215134803081	0.0	0.0	0.0	0.0304600017609	0.0	0.0	0.00613207043021	0.0	0.0	0.0	0.0	0.0	0.00337465986132	0.0	0.0	0.0	0.0	0.0	0.0	0.00657249350269	0.0	0.0	0.0184772305643	0.0	0.0	0.0	0.0	0.0040988865076	0.0	0.0	0.0	0.0	0.00363409950154	0.0	0.0	0.0	0.0	0.0	0.0	0.0137907762814	0.0	0.0	0.0	0.0	0.0	0.0	0.0	0.0	0.0	0.0	0.0	0.0	0.0193293035256	0.0190024929062	0.0	0.0	0.0	0.0	0.0	0.0128274276126	0.0	0.0128035851257
k__Bacteria;p__Firmicutes;c__Bacilli;o__Lactobacillales;f__Leuconostocaceae	0.0	0.0	0.0	0.0	0.0	0.0	0.0	0.0	0.0	0.0	0.0	0.0	0.0	0.0	0.0	0.0	0.0	0.0	0.0	0.0	0.0	0.0	0.0	0.0	0.0	0.0	0.0	0.0	0.0	0.0	0.0	0.0	0.0	0.0	0.0	0.0	0.0	0.0	0.0	0.0	0.0	0.0	0.0	0.0	0.0	0.0	0.0	0.0	0.0	0.0	0.0	0.0	0.0	0.0	0.0	0.0	0.0	0.0	0.0	0.0	0.0	0.0	0.0	0.0	0.0	0.0	0.00603779564125	0.0	0.0	0.0	0.0	0.0	0.0	0.0	0.0	0.0	0.0	0.0	0.0	0.0	0.0	0.0	0.0	0.0	0.0	0.0	0.0	0.0	0.0	0.0	0.0	0.0	0.0	0.0	0.0	0.0	0.0	0.0139257210194	0.0	0.0	0.0	0.0	0.0	0.0	0.0	0.0	0.0	0.0	0.0
k__Bacteria;p__Firmicutes;c__Bacilli;o__Lactobacillales;f__Streptococcaceae	0.0	0.0	0.0	0.00920668942325	0.00393214647787	0.0038361644552	0.00753368634035	0.00628728365636	0.00506239672503	0.0	0.0062278835671	0.0	0.0127717715316	0.0150523665927	0.0128940858794	0.00764733789495	0.00821397940079	0.0108662997878	0.0	0.0138430147074	0.0	0.0	0.0117330624458	0.0276150846194	0.0116762294462	0.0057691888484	0.0	0.0	0.00663679693562	0.0208141598052	0.0	0.00890775837705	0.0067060734	0.0183171134581	0.0	0.00695461005782	0.0134050956276	0.0255016593928	0.00874902158166	0.020134770232	0.0112555822413	0.0084102765126	0.0130702872042	0.0	0.0223302053273	0.00386875204938	0.01284592338	0.0116002174136	0.0	0.0	0.0	0.00747381056892	0.0	0.00801858728183	0.0	0.00922401937446	0.0108910176834	0.0170455532044	0.0102460034866	0.0091379388016	0.00928196764156	0.00406629021624	0.0	0.0154843137457	0.0119170649251	0.00551100368723	0.00803376340805	0.00985887063968	0.0	0.0123312855605	0.0	0.0	0.0097739157731	0.0104098561882	0.0228525730368	0.0	0.0	0.0	0.0154404498001	0.00715374259434	0.0121624093555	0.0115145898164	0.00801348709342	0.0156039163036	0.0221060236109	0.0262410115869	0.0	0.00655508809105	0.0	0.0123837031553	0.0057315117687	0.0	0.0	0.0137485034865	0.0	0.0115211362295	0.0298859844467	0.00804909038218	0.0	0.0256090341154	0.0147354186179	0.0	0.0194369752511	0.00671131563422	0.0182089875589	0.0360529935568	0.0134223927298	0.0579268645448	0.0160001665045
k__Bacteria;p__Firmicutes;c__Bacilli;o__Turicibacterales;f__Turicibacteraceae	0.0	0.0	0.0	0.00960163206857	0.00596911516378	0.0	0.0	0.00451399795513	0.00684660570631	0.0	0.0	0.0	0.0122209786106	0.0136271948817	0.0137392580101	0.00698099295178	0.0114759391843	0.00858143703571	0.00881321998719	0.00434813561521	0.00541268535683	0.0107049767335	0.0	0.0169952119655	0.00782898287105	0.00646944100712	0.0111526724857	0.00556329430117	0.00827185384771	0.0	0.0	0.0	0.0	0.0	0.0	0.0	0.0	0.0	0.0	0.0	0.0	0.0	0.00730028652298	0.0	0.0	0.0	0.0	0.0058616063274	0.0	0.0	0.0	0.00804818755127	0.0	0.00949389933714	0.0	0.00825890784309	0.0108293027505	0.0	0.0	0.00739950822351	0.0	0.0	0.0	0.0	0.0	0.0	0.00403401506283	0.0	0.0	0.0	0.0	0.00850830075151	0.0	0.00832883767324	0.0	0.0	0.0	0.0	0.0124819768204	0.0	0.00924551037946	0.0	0.0	0.0	0.00780765405313	0.0	0.0	0.0	0.0	0.0	0.0	0.0090024292818	0.0	0.0	0.0	0.00984217400711	0.0	0.0134439040703	0.0	0.0216495364321	0.00790413867585	0.0	0.0	0.00825486725664	0.0156155270841	0.0218647101556	0.0186341144822	0.0315576177101	0.0
k__Bacteria;p__Firmicutes;c__Clostridia;o__Clostridiales;Other	0.0	0.0	0.0	0.0	0.00777299087889	0.0	0.0	0.0	0.00709317665152	0.0	0.0	0.0126803692811	0.0	0.0	0.0	0.00872242588687	0.0	0.0	0.0083215441843	0.0	0.00703620739381	0.0	0.0150058650382	0.0	0.00709811529468	0.00781091861136	0.0123904847883	0.0100899825655	0.00855817048032	0.0	0.0	0.00890775837705	0.0	0.0	0.0	0.00766503030757	0.0	0.0	0.0	0.0	0.0	0.00594855009254	0.0	0.0	0.0	0.00930311003171	0.0	0.0	0.0130969754675	0.0	0.0105949675974	0.0	0.013525070957	0.0	0.0	0.0	0.0107021199496	0.015299300889	0.0103635990236	0.00896244842028	0.0103475891429	0.0	0.0	0.0	0.0	0.00909091186669	0.00896568105992	0.0	0.0	0.0145594025247	0.0	0.0	0.0	0.0	0.01094455166	0.0127726732264	0.0125580648739	0.0	0.0128513775264	0.00472599338323	0.0145535690394	0.012828850121	0.00905683729889	0.0	0.00942098235129	0.0	0.00860553191024	0.0	0.0	0.00966831815099	0.0118271401874	0.00975676488207	0.00981394156718	0.0	0.0123057517167	0.00842032779367	0.0117701396794	0.0	0.0	0.0	0.0	0.0	0.0	0.00825486725664	0.0	0.0	0.0	0.0	0.0
k__Bacteria;p__Firmicutes;c__Clostridia;o__Clostridiales;f__	0.0239094670572	0.0640018223941	0.0506968711262	0.0740838520098	0.0698396677477	0.0595168465542	0.0740510774735	0.0925943163628	0.0769409457735	0.0577901159838	0.0484619573399	0.0812438437405	0.0351818058255	0.010928227102	0.0569304450904	0.05590806911	0.0357793561101	0.0590065161736	0.0746468806786	0.100260738864	0.0794606697491	0.07282317737	0.0581793868273	0.0102469564938	0.0251341675058	0.0719403991565	0.0957862026013	0.0701196199079	0.0621760871514	0.0674379568425	0.0342822806422	0.0897526071272	0.0402308695595	0.0337010123467	0.0307352519298	0.0897675462942	0.121314840288	0.0405117840017	0.0566190837985	0.0334252559817	0.089317984426	0.0398414037638	0.0190259594157	0.0920058390796	0.0482824574945	0.0464253383726	0.0671575841062	0.0822766562351	0.0608755190493	0.0981125463071	0.0594745467954	0.0789684569436	0.106346307008	0.0387860064364	0.104798547586	0.0681614164698	0.0727969332682	0.0421479889002	0.0398082461291	0.0786133032467	0.0358392534941	0.0884268630899	0.0513255786992	0.0379084030798	0.0811530722439	0.0567495368058	0.0664679745313	0.0946713089915	0.0517614302983	0.0378830023709	0.0499275312231	0.0325913204468	0.047379336984	0.0195573548404	0.048775712453	0.122788799369	0.0320663294523	0.0450807361114	0.0536597769527	0.0827040883656	0.0659534129626	0.0156674894961	0.104117788663	0.0171954492988	0.0202729960179	0.0168424854342	0.0990035674862	0.117946124519	0.0391722901559	0.0777805749382	0.118333122573	0.0493865204639	0.102723710931	0.0645835808483	0.103726364808	0.0902147600891	0.058482304429	0.0185755056789	0.0851603589912	0.0273344622066	0.0349377228974	0.043864302158	0.0278069315857	0.0993625486726	0.080748296579	0.0265708382325	0.0233511746689	0.0	0.014674222315
k__Bacteria;p__Firmicutes;c__Clostridia;o__Clostridiales;f__Christensenellaceae	0.0	0.0183081239827	0.0	0.0229412937679	0.039268864931	0.0100605330353	0.011287835387	0.0152641021333	0.0140929363176	0.0	0.00731696740982	0.0	0.0	0.0	0.0	0.0118392065523	0.0	0.0	0.0	0.0336731483464	0.00903721123184	0.00703761043476	0.0	0.0	0.0	0.0124721887926	0.0	0.0139450355062	0.0188883389356	0.0	0.0	0.0	0.0	0.0	0.0	0.0112992635593	0.0	0.0	0.0313287160281	0.0	0.0124719428005	0.00452494509202	0.0	0.0	0.0	0.0181437081594	0.0121574077521	0.0	0.00833047505919	0.0	0.0147168819168	0.00516127382822	0.0	0.01814157558	0.0331617075259	0.00525762839779	0.0	0.0	0.00626913623546	0.0	0.0	0.0180498549969	0.0	0.00383771634815	0.0	0.00500842115805	0.0	0.0	0.0	0.0	0.0	0.0109482223115	0.0148369875956	0.00659692396473	0.00613973979043	0.0	0.0	0.0	0.0	0.00296313317112	0.0	0.0	0.0	0.0	0.0	0.0	0.0	0.0	0.0	0.0	0.0337117391527	0.0	0.0	0.00829593953629	0.0	0.0171154915142	0.0	0.010667917638	0.0211550339334	0.0	0.0	0.0	0.0	0.0	0.0	0.0	0.0	0.0	0.0
k__Bacteria;p__Firmicutes;c__Clostridia;o__Clostridiales;f__Clostridiaceae	0.0334588569106	0.0400721532583	0.0264522506463	0.0558340977852	0.063744154622	0.0474727712803	0.0252445642475	0.0581714352538	0.0615626250007	0.0405873635434	0.0633615857425	0.0504853351529	0.0874531580675	0.0825458412864	0.10354871439	0.0614918337993	0.0503824577392	0.0506705988459	0.071934213699	0.0430166019723	0.0576639731402	0.111902274428	0.072514457638	0.173493014854	0.0754436899945	0.0609090566795	0.0879246674232	0.060606007504	0.061653676375	0.0490203873818	0.0540710310197	0.0841226903942	0.0487805430038	0.101336734873	0.0609422329824	0.0416461036995	0.0438839368646	0.0206114872636	0.0161520840071	0.0638257354854	0.0175374219867	0.0407054460714	0.0707698642212	0.0133257357006	0.078301279136	0.0263882809399	0.0573243758536	0.0526715584722	0.0618492389724	0.031796254318	0.0217262767797	0.0264450072475	0.0406914885439	0.0477245074121	0.0255418301857	0.0654059290792	0.0819305348391	0.0284755043647	0.0350202134912	0.0504524760617	0.011132682216	0.045680415952	0.015932993674	0.0294330489766	0.0350422505072	0.0179480892704	0.0566898981305	0.0310550066675	0.0318841771252	0.0461961803027	0.0159099308077	0.0407142422139	0.0532186146723	0.0471192813885	0.056201007178	0.0117556851466	0.0197398026313	0.0161590510577	0.031755967974	0.0268975454527	0.0343958955049	0.0342469156113	0.0638514396739	0.0359331962334	0.0997678385062	0.0	0.018067384159	0.0259991275519	0.023215519213	0.0319618269773	0.0361610576799	0.0482868288451	0.0130345185114	0.041733305307	0.0291793223403	0.0329081911561	0.0482247694396	0.0279876269644	0.0258473577418	0.138737759945	0.0372004903026	0.0149082939317	0.0868964652206	0.0408599410029	0.0758250642153	0.0972476369504	0.0682074307918	0.0427913138811	0.0444107543617
k__Bacteria;p__Firmicutes;c__Clostridia;o__Clostridiales;f__Dehalobacteriaceae	0.0	0.0	0.0	0.0065915966185	0.0060540841486	0.00283575034742	0.0	0.0	0.0	0.0	0.0	0.0	0.0	0.0	0.0	0.0	0.0	0.0	0.0	0.0	0.0	0.0	0.0	0.0	0.0	0.0	0.0	0.0	0.0	0.0	0.0	0.0	0.0	0.0	0.0	0.0	0.0	0.0	0.0	0.0	0.0	0.0	0.0	0.0	0.0	0.0	0.0	0.0	0.0	0.0	0.0	0.0	0.0	0.0	0.0	0.0	0.0	0.0	0.0	0.0	0.0	0.0	0.0	0.0	0.0	0.0	0.0	0.0	0.0	0.0	0.0	0.0	0.0	0.0	0.0	0.0	0.0	0.0	0.0	0.0	0.0	0.0	0.0	0.0	0.0	0.0	0.0	0.0	0.0	0.0	0.0	0.0	0.0	0.0	0.0	0.0	0.0	0.0	0.0	0.0	0.0	0.0	0.0	0.0	0.0	0.0	0.0	0.0	0.0
k__Bacteria;p__Firmicutes;c__Clostridia;o__Clostridiales;f__EtOH8	0.0	0.0	0.0	0.0	0.0	0.00189087806717	0.00565679578982	0.00288756923633	0.0	0.0	0.0035850769204	0.0	0.0	0.0	0.0	0.00733494273534	0.0	0.0	0.0	0.00290693835792	0.0	0.0	0.0	0.0	0.0	0.0	0.0	0.0	0.0	0.0	0.0	0.0	0.0	0.0	0.0	0.0	0.0	0.0	0.0104656792855	0.0	0.0	0.0	0.0	0.0	0.0	0.00335023039306	0.0	0.0	0.0	0.0	0.0	0.0	0.0	0.0	0.0	0.0	0.0	0.0	0.0	0.0	0.0	0.0	0.0	0.0	0.0	0.0	0.0	0.0	0.0	0.0	0.0	0.0	0.0	0.0	0.0	0.0	0.0	0.0	0.0	0.0	0.0	0.0	0.0	0.0	0.0	0.0	0.0	0.0	0.0	0.0	0.0	0.0	0.0	0.0	0.0	0.0	0.0	0.0	0.0	0.0	0.0	0.0	0.0	0.0	0.0	0.0	0.0	0.0	0.0
k__Bacteria;p__Firmicutes;c__Clostridia;o__Clostridiales;f__Eubacteriaceae	0.0	0.0	0.0	0.0	0.0	0.0	0.0	0.00415118209363	0.0	0.0	0.0	0.0	0.0	0.00950540028045	0.0	0.0	0.0	0.0	0.0	0.0	0.0	0.0	0.0	0.0	0.0	0.0	0.0	0.0	0.0	0.0	0.0	0.0	0.0	0.0	0.0	0.0	0.0	0.0	0.0	0.0	0.0	0.0	0.0	0.0	0.0	0.0	0.00721826949643	0.0	0.0	0.0	0.0	0.0	0.0	0.0	0.0	0.0	0.0	0.0	0.0	0.0	0.0	0.00250185730411	0.0	0.0	0.0	0.0	0.0	0.0	0.0	0.0131024833524	0.0	0.0	0.0	0.0	0.0100884952739	0.0	0.0	0.013737263436	0.0	0.0	0.0	0.0	0.0	0.0	0.0	0.0	0.0	0.0	0.0	0.0	0.0	0.0	0.0	0.0	0.0	0.0	0.0	0.0	0.0	0.0	0.0	0.0	0.0	0.0	0.0	0.0	0.0112342517076	0.0	0.0220567668587
k__Bacteria;p__Firmicutes;c__Clostridia;o__Clostridiales;f__Lachnospiraceae	0.192258929495	0.30729501486	0.262776367731	0.250962648522	0.220261862449	0.204514454855	0.198922250517	0.289265360307	0.200935916225	0.386462579354	0.227592213619	0.177837872626	0.229858521049	0.290267353876	0.225565033765	0.194226680032	0.28921566963	0.226699696715	0.290306460231	0.153425717699	0.25161655789	0.16186085518	0.299808914587	0.245331214248	0.11714208783	0.217927191328	0.34060307946	0.258990291237	0.188732237428	0.230998054349	0.339618227841	0.301201843789	0.246110856942	0.257593297167	0.321261111412	0.251925319427	0.401614356325	0.34708705239	0.195753712248	0.350319993719	0.206439406005	0.263974931337	0.277853147143	0.205302336699	0.368814356342	0.216066169953	0.405935195763	0.275278147453	0.346904829077	0.358779665802	0.176734447104	0.241644110494	0.269985770164	0.166908458087	0.232229871274	0.272506002927	0.211059232575	0.306011125143	0.291305526146	0.344354824069	0.178580948359	0.268598306748	0.267137591154	0.116491495204	0.301957590245	0.260475761843	0.252461823793	0.372202730691	0.268155375618	0.259159704796	0.307068141332	0.314851463441	0.309894076844	0.19163727262	0.291897273853	0.195883700532	0.238516434016	0.160639849986	0.298143079157	0.193871937314	0.273821341638	0.261479366419	0.238114618392	0.221011989733	0.247509485336	0.105623064027	0.356411178345	0.336162105666	0.363820582119	0.269545958476	0.161123479884	0.262716734278	0.343479342682	0.313842406851	0.251331150455	0.248853920009	0.292821419929	0.269782632907	0.109039018515	0.238364478232	0.20300182586	0.147143844858	0.381593747305	0.312950560472	0.320260523358	0.114590952551	0.223389467772	0.472522497765	0.194436618396
k__Bacteria;p__Firmicutes;c__Clostridia;o__Clostridiales;f__Peptococcaceae	0.0	0.0	0.0	0.0065915966185	0.0	0.00403840093945	0.0	0.00567772828566	0.00805215606125	0.0	0.0	0.0	0.0	0.0	0.0	0.0	0.0	0.0	0.0	0.00459271286115	0.0	0.0	0.0	0.0	0.00649669407455	0.00483183898079	0.0	0.00713453225124	0.00506859568393	0.0	0.0	0.0	0.00553637097341	0.0	0.0	0.0	0.0	0.0	0.0	0.0	0.0	0.0	0.0	0.0	0.0	0.0	0.0	0.01176362765	0.0	0.0	0.0	0.0	0.0	0.0	0.00604144303837	0.0	0.0	0.0118056230169	0.00464793077805	0.00623595992902	0.0	0.0	0.0	0.00408416532283	0.0	0.0	0.0	0.0	0.00949754684111	0.0	0.0	0.0	0.0107755637837	0.0	0.0	0.0	0.0	0.0	0.0	0.00472599338323	0.00818898715459	0.0	0.0	0.0	0.0	0.0	0.0	0.0	0.0	0.00484504580795	0.00631342444704	0.0	0.00856218145504	0.0	0.0	0.0	0.0	0.0	0.0	0.0	0.0	0.0	0.0	0.0	0.0	0.0	0.0	0.0	0.0
k__Bacteria;p__Firmicutes;c__Clostridia;o__Clostridiales;f__Peptostreptococcaceae	0.0	0.0	0.0	0.0	0.0	0.00478226470101	0.0	0.0	0.0	0.0	0.0	0.0	0.0	0.0	0.0	0.0	0.0	0.0	0.0	0.0	0.0	0.0	0.0	0.0188015246163	0.0	0.0	0.0	0.0	0.0	0.0	0.0	0.0	0.0	0.0	0.0	0.0	0.0	0.0	0.0	0.0	0.0	0.0	0.0	0.0	0.0	0.0	0.0	0.0	0.0	0.0	0.0	0.0	0.0	0.0	0.0	0.0	0.0	0.0	0.0	0.0	0.0	0.0	0.0	0.00627299504996	0.0	0.0	0.0	0.0	0.0	0.0	0.0	0.0	0.0	0.0	0.0	0.0	0.0	0.0	0.0	0.0	0.0	0.0	0.0	0.0	0.00764531544686	0.0	0.0	0.0	0.0	0.0	0.0	0.0	0.0	0.0	0.0	0.0	0.0	0.0	0.0	0.0	0.0	0.0	0.0	0.0	0.0	0.0	0.0	0.0	0.0
k__Bacteria;p__Firmicutes;c__Clostridia;o__Clostridiales;f__Ruminococcaceae	0.12651396881	0.298974398555	0.24723075358	0.295350565752	0.26191311346	0.173431151182	0.321924995759	0.231733395735	0.294764684831	0.191651782298	0.14326081057	0.246205638745	0.215456696881	0.204663516177	0.0764928964975	0.273599873027	0.17382541266	0.222227213115	0.186149402237	0.227407894563	0.25497786402	0.192627645878	0.248276661492	0.122730003476	0.0979973359828	0.191897684766	0.138111602713	0.264664622024	0.30953993132	0.17195640055	0.176486445429	0.180612309224	0.287884501156	0.144568603003	0.238973075972	0.227354329687	0.195018839884	0.187952041359	0.297698300758	0.160412366654	0.339041606411	0.158062721848	0.185372822631	0.203455215583	0.145060937238	0.191273774728	0.175168810022	0.228191018452	0.255164482254	0.254018648535	0.232012969127	0.201126262571	0.199052804915	0.334315312138	0.182905392196	0.299093922782	0.174867594364	0.234235978242	0.215180514776	0.204380905571	0.152123118531	0.272968310377	0.260203727716	0.122565086436	0.213067715271	0.170560205479	0.196812263208	0.137796385991	0.198951630106	0.341410695057	0.180945256275	0.192884130522	0.34432108995	0.231221878732	0.178561970759	0.249266638099	0.213430063785	0.226179710961	0.158347591073	0.151037747753	0.266613866094	0.213785664199	0.168016816257	0.202554268906	0.139023765083	0.123339742468	0.275133751006	0.250297777574	0.202712938189	0.207114056787	0.235705672434	0.232090221058	0.158116248936	0.227860054286	0.223802190602	0.314363038945	0.15765110483	0.103429349122	0.176072215779	0.181150493339	0.143030468435	0.1865798333	0.157225170703	0.190432849558	0.151064126989	0.0526632000007	0.122194357303	0.16253351885	0.107421784776
k__Bacteria;p__Firmicutes;c__Clostridia;o__Clostridiales;f__Veillonellaceae	0.0173066569487	0.0114647020242	0.0146038094843	0.0288840007806	0.00739625986232	0.0238823246257	0.0113796378164	0.0	0.0178104888148	0.0194831172988	0.0273169056962	0.0189136081656	0.0212063861556	0.0324024643225	0.0356772011736	0.0192493521248	0.0325836066064	0.0356901937336	0.00942044549915	0.0298011058796	0.0127262909986	0.0279033281658	0.0556132120673	0.00992849091519	0.0295622415626	0.0303881409813	0.0190272965881	0.0168523753205	0.0134421864062	0.0222109078577	0.023550879966	0.00911198894841	0.0243182857967	0.0275721611779	0.0271229869996	0.0309344219827	0.0	0.0290001828421	0.0	0.0268907056589	0.0257300180713	0.0540083621506	0.04022840177	0.0224943284525	0.0228428747926	0.0264725309034	0.0	0.0202138621524	0.0278139394126	0.0167643633288	0.0280505033453	0.0143133016554	0.0332137135336	0.0279713015429	0.0188464787367	0.0308968351417	0.0218110163657	0.0163817332903	0.0247483277333	0.0105191691304	0.0380366518494	0.0129002633278	0.0279559267457	0.033544426694	0.0430591888633	0.0428207337583	0.0316465473061	0.0163863166353	0.0163903900167	0.0230676481332	0.0234022716499	0.0145920268937	0.0227727141624	0.0217853648528	0.0366650915807	0.0	0.0213544818282	0.0142427882558	0.0358510880792	0.00848395468742	0.0271748213649	0.0157969812937	0.0114013885717	0.0439465587099	0.019583253382	0.0176070151308	0.00964353198729	0.0104868958322	0.0170927449151	0.0217239797647	0.0143209756553	0.0249969458657	0.0189920803613	0.0222685773298	0.0162319348115	0.0161929925876	0.0239614098275	0.0450266949041	0.0151141308206	0.0739583889869	0.0513946272296	0.0	0.0682490729925	0.0173494749263	0.0109552595499	0.0399099299261	0.0139340678093	0.0207954272623	0.0750384407059
k__Bacteria;p__Firmicutes;c__Clostridia;o__Clostridiales;f__[Mogibacteriaceae]	0.0	0.0142842674243	0.0	0.0178575193153	0.00792102690524	0.0118779220858	0.0	0.0084914981798	0.0	0.0	0.011168549935	0.0	0.0	0.0	0.00939237032121	0.0	0.0	0.0053206133195	0.0	0.00614270680413	0.0	0.0	0.0	0.0	0.0195332310091	0.0138163558634	0.0	0.0	0.0	0.0	0.0	0.0	0.0	0.0	0.0	0.0	0.00576310389372	0.0	0.0118795775147	0.00726594111115	0.0	0.0	0.00820629482361	0.0	0.0	0.00789172703012	0.0	0.0	0.0	0.0	0.00958872131804	0.00934999354798	0.0	0.0	0.00627634705971	0.00653265165038	0.0	0.0	0.0	0.0	0.0137244854043	0.00984354750933	0.0	0.0229463520709	0.0	0.00393959361042	0.0	0.0	0.0	0.0226383559878	0.0	0.0081723730527	0.0	0.0241943921723	0.00567681000362	0.0	0.0124500739028	0.0	0.0	0.00631463676079	0.0	0.0	0.0	0.0	0.0	0.0	0.0	0.00456145872861	0.0	0.0	0.0	0.0	0.0	0.0	0.0	0.0	0.00602205147273	0.0233292753574	0.0	0.0	0.00480914819532	0.0	0.0	0.0	0.0	0.0	0.0	0.0	0.0
k__Bacteria;p__Firmicutes;c__Clostridia;o__Clostridiales;f__[Tissierellaceae]	0.0	0.0	0.0	0.0	0.0659460475797	0.127962230802	0.0	0.0	0.0	0.0	0.139692948515	0.0	0.0	0.0	0.0895059922951	0.0	0.00227712431438	0.00423082780874	0.0211057045987	0.0181257000737	0.0	0.0	0.0	0.0297708052457	0.219182100763	0.0925003800641	0.0135106785626	0.0	0.00399454496568	0.0163166266832	0.0	0.0	0.00405835734017	0.0	0.0	0.0632334434612	0.0	0.0	0.0	0.0	0.0	0.00452494509202	0.0	0.0212236457113	0.0256135139443	0.00990541098136	0.0	0.00316096178778	0.0	0.0	0.0438523865181	0.0551738755728	0.00748853771714	0.00502389881774	0.0	0.00853897075406	0.00277425303039	0.00767276329763	0.0	0.0320095127889	0.146167501488	0.00615285786961	0.0127529921508	0.192863003735	0.0218806452202	0.0920396240219	0.0103393652351	0.00650478192515	0.0123773420557	0.0	0.0	0.0	0.0	0.0489765802054	0.0	0.0	0.0	0.0	0.0	0.0701306684139	0.0	0.043261051392	0.00402147788167	0.0	0.0201147433785	0.0	0.0	0.0132827547006	0.0	0.0	0.00625968487327	0.0	0.0	0.0	0.0	0.0	0.00910551850356	0.0	0.0218382283645	0.0	0.0	0.0	0.0	0.0	0.0	0.0155766972808	0.010697945123	0.0	0.0
k__Bacteria;p__Firmicutes;c__Clostridia;o__Halanaerobiales;f__Halanaerobiaceae	0.0	0.0	0.0	0.0	0.0	0.0	0.0	0.0	0.0	0.0	0.0	0.0	0.0	0.0	0.0	0.0	0.0	0.0	0.0	0.0	0.0	0.0	0.0	0.0	0.0	0.0	0.0	0.0	0.0	0.0	0.0	0.0	0.0	0.0	0.0	0.0	0.0	0.0	0.0	0.0	0.0	0.0	0.0	0.0	0.0	0.0	0.0	0.0	0.0	0.0	0.0	0.0	0.0	0.0	0.0	0.0	0.0	0.0	0.0	0.0	0.0	0.0	0.0	0.0	0.0	0.0	0.0	0.0	0.0	0.0	0.0	0.0	0.0	0.0	0.0	0.0	0.0	0.0	0.00340110036052	0.0	0.0	0.0	0.0	0.0	0.0	0.0	0.0	0.0	0.0	0.0	0.0	0.0	0.0	0.0	0.0	0.0	0.0	0.0	0.0	0.0	0.0	0.0	0.0	0.0	0.0	0.0	0.0	0.0	0.0
k__Bacteria;p__Firmicutes;c__Clostridia;o__SHA-98;f__	0.0	0.00586106817825	0.0	0.0	0.00137709567953	0.00359850588706	0.0	0.00595438310611	0.00278185803335	0.0	0.0	0.0	0.0	0.0	0.0	0.0	0.0	0.0	0.0	0.00375047150015	0.0	0.0	0.0	0.0	0.0	0.0	0.0	0.0	0.0	0.0	0.0	0.0	0.00465287048005	0.012411362846	0.0	0.0	0.0	0.0	0.0	0.0	0.0	0.0	0.0	0.0	0.0	0.0	0.0	0.0	0.0	0.0	0.0	0.0	0.0	0.00502389881774	0.00431663385388	0.0	0.0	0.0	0.0	0.0	0.0	0.0	0.0	0.0	0.0	0.0	0.0	0.0	0.0	0.0	0.0	0.0	0.0103171375778	0.0	0.0	0.0	0.0	0.0	0.0	0.0	0.0	0.0	0.0	0.0	0.0	0.0	0.0	0.00297350470921	0.0	0.0	0.0	0.0	0.0	0.0	0.0	0.0	0.0	0.0	0.0	0.0	0.0	0.0	0.0	0.0	0.010067451685	0.0	0.0	0.0	0.0
k__Bacteria;p__Firmicutes;c__Clostridia;o__SHA-98;f__D2	0.0	0.0	0.0	0.0	0.0	0.0	0.00733407584757	0.0	0.0	0.0	0.0	0.0	0.0	0.0	0.0	0.0	0.0	0.0	0.0	0.0	0.0	0.0	0.0	0.0	0.0	0.0	0.0	0.0	0.0	0.0	0.0	0.0	0.0	0.0135912859154	0.0	0.0	0.0	0.0	0.0100029280784	0.0	0.0	0.0	0.0	0.0	0.0	0.0	0.0	0.0	0.0	0.0	0.0	0.0	0.0	0.0	0.0	0.0	0.0	0.0	0.0	0.0	0.0	0.0	0.0	0.0	0.0	0.0	0.0	0.0	0.0	0.0	0.0	0.0	0.0	0.0	0.0	0.0	0.0	0.0	0.0	0.0	0.0	0.0100812214904	0.0	0.0	0.0	0.0	0.0	0.0	0.0	0.00377382732347	0.0	0.0	0.0	0.0	0.0	0.0	0.0	0.0	0.0	0.0	0.0	0.0	0.0	0.0	0.0	0.0	0.0	0.0	0.0
k__Bacteria;p__Firmicutes;c__Clostridia;o__Thermoanaerobacterales;f__Thermodesulfobiaceae	0.0	0.0	0.0	0.0	0.0	0.0	0.00565679578982	0.0	0.0	0.0	0.0	0.0	0.0	0.0	0.0	0.0	0.0	0.0	0.0	0.0	0.0	0.0	0.0	0.0	0.0	0.0	0.0	0.0	0.0	0.0	0.0	0.0	0.0	0.00980248071087	0.0	0.0	0.0	0.0	0.0	0.0	0.0	0.0	0.0	0.0	0.0	0.0	0.0	0.0	0.0	0.0	0.0	0.0	0.0	0.0	0.0	0.0	0.0	0.0	0.0	0.0	0.0	0.0	0.0	0.0	0.0	0.0	0.0	0.0	0.0	0.0	0.0	0.0	0.0	0.0	0.0	0.0	0.0	0.0	0.0	0.0	0.0	0.00675820949492	0.0	0.0	0.0	0.0	0.0	0.0	0.0	0.0	0.0	0.0	0.0	0.0	0.0	0.0	0.0	0.0	0.0	0.0	0.0	0.0	0.0	0.00414716224189	0.0	0.0	0.0	0.0	0.0
k__Bacteria;p__Firmicutes;c__Erysipelotrichi;o__Erysipelotrichales;f__Erysipelotrichaceae	0.0344594462866	0.0311003795243	0.0294635001254	0.0223090373979	0.0188953078491	0.0183466558152	0.0491494385334	0.0361475853337	0.0264314628407	0.0367959494637	0.0256144204705	0.0380592910142	0.0565339251638	0.0344995771383	0.0404956460524	0.00514376373762	0.0647691026843	0.053098587513	0.0400558568866	0.0130586164392	0.0235661738275	0.0636703500748	0.0306746517693	0.0635818034595	0.0377144200439	0.0304708066899	0.0150878939448	0.0257687484388	0.032032904612	0.0485564886734	0.0514393809483	0.00930465038914	0.0207369316785	0.0163108817018	0.067463163969	0.0152205992242	0.0380029830264	0.0751043270868	0.0373287887516	0.0304513160832	0.0	0.0613379504535	0.0305756311704	0.0267238196459	0.0406751041378	0.0358303955669	0.0625067357452	0.063288768641	0.0856292883556	0.0616349634961	0.00901320418056	0.0120313407721	0.0160454662866	0.0182786438455	0.0568016702497	0.0196512037546	0.0284216030621	0.0793129874524	0.031782303841	0.0344700762005	0.0	0.0435026422804	0.0276367381251	0.0265025661903	0.00838685838367	0.0300151080094	0.050503247868	0.0479451630225	0.0187102250507	0.0478324089306	0.0513369033436	0.0543423344417	0.0526539901323	0.0341605518034	0.0487283515319	0.0332312919547	0.0168400534228	0.075336894627	0.0305003515265	0.0207032977337	0.0346325549526	0.0511903879623	0.0283399003999	0.0428824595031	0.041651088918	0.0	0.0529349125203	0.0289787130478	0.0284904384457	0.0118219117714	0.0123441397172	0.01819207039	0.0112400045008	0.0311752314455	0.0331019368266	0.0372189155871	0.0265906194902	0.0751793963138	0.0234621137521	0.0338624913798	0.0296811706261	0.0167354836663	0.0495464914825	0.0108579115044	0.0186005397775	0.0309865518989	0.0637735059469	0.068984830822	0.0265034009047
k__Bacteria;p__Fusobacteria;c__Fusobacteriia;o__Fusobacteriales;f__	0.0	0.0	0.0	0.0	0.0	0.0	0.0	0.0	0.0	0.0	0.0	0.0	0.0	0.0	0.0	0.0	0.0	0.0	0.0	0.0	0.0	0.0	0.0	0.0	0.0	0.0	0.0	0.0	0.0	0.0	0.0	0.0	0.0	0.0	0.0	0.0	0.0	0.0	0.0	0.0	0.0	0.0	0.0	0.0	0.0	0.0	0.0	0.0	0.0	0.0	0.0	0.0	0.0	0.0	0.0	0.0	0.0	0.0	0.0	0.0	0.0	0.0	0.0	0.0	0.0	0.0	0.0	0.0	0.0	0.0	0.0	0.0	0.0	0.0	0.0	0.0	0.0	0.0	0.0	0.0	0.0	0.0	0.0	0.0	0.0	0.0	0.0	0.0	0.0	0.0	0.0	0.00418004777256	0.0	0.0	0.0	0.0	0.0	0.0	0.0	0.0	0.0	0.0	0.0	0.0	0.0	0.0	0.0	0.0	0.0
k__Bacteria;p__Fusobacteria;c__Fusobacteriia;o__Fusobacteriales;f__Fusobacteriaceae	0.00993270916472	0.0	0.0	0.0	0.0	0.0	0.0	0.0	0.0	0.0	0.00456973474004	0.0	0.0	0.0	0.0	0.0	0.00821397940079	0.0	0.0	0.0	0.0	0.0	0.0	0.0	0.0	0.0	0.0	0.0	0.0	0.0	0.0	0.0	0.0	0.0	0.0	0.0	0.0	0.0	0.0	0.0	0.0	0.0	0.0	0.0	0.0	0.00429047253718	0.0	0.00268600603743	0.0	0.0	0.0	0.0	0.0	0.0	0.0216668360122	0.0	0.0	0.0184320897445	0.0	0.0	0.0	0.0	0.0	0.010538268852	0.00697726401839	0.0	0.00983564448637	0.0	0.0	0.00587184746042	0.0	0.0138358850684	0.0	0.0	0.0210353685477	0.0	0.0118494727606	0.0	0.00398768254295	0.00390294906849	0.0	0.010717685892	0.0	0.0	0.00456622511509	0.0	0.0	0.0	0.0	0.0	0.0	0.0	0.0	0.0	0.0	0.0	0.0	0.0070325777384	0.0	0.0	0.011185894116	0.0	0.0	0.0	0.0	0.0	0.0	0.0	0.0
k__Bacteria;p__Fusobacteria;c__Fusobacteriia;o__Fusobacteriales;f__Leptotrichiaceae	0.0	0.0	0.0	0.0	0.0	0.0	0.0	0.0	0.0	0.0	0.0	0.0	0.0	0.0	0.0	0.0	0.0	0.0	0.0	0.0	0.0	0.0	0.0	0.0	0.0	0.0	0.0	0.0	0.0	0.0	0.0	0.0	0.0	0.0	0.0	0.0	0.0	0.0	0.00638799526149	0.0	0.0	0.0	0.0	0.0	0.0	0.0	0.0	0.0	0.0	0.0	0.0	0.0	0.0	0.0	0.0	0.0	0.0	0.0	0.0	0.0	0.0	0.0	0.0	0.0	0.0	0.0	0.0	0.00235415767529	0.0	0.0	0.00819689083639	0.0	0.0	0.00400347675722	0.0	0.0	0.0	0.0	0.0	0.0	0.0	0.0	0.0	0.0	0.0	0.0	0.0	0.0	0.0	0.00377382732347	0.00631342444704	0.0	0.0	0.0	0.0	0.0	0.0	0.0	0.0	0.0	0.0	0.0	0.0	0.0	0.0	0.0	0.0	0.0	0.0
k__Bacteria;p__Lentisphaerae;c__[Lentisphaeria];o__Victivallales;f__Victivallaceae	0.0	0.0	0.0	0.00934459055259	0.0	0.0	0.0	0.0	0.0	0.0	0.00731696740982	0.0	0.0	0.0	0.0	0.0103566626018	0.0	0.0	0.0	0.00603060889974	0.0	0.0	0.0	0.0	0.0	0.0	0.0	0.00805914596535	0.00680603541897	0.0	0.0	0.0	0.0	0.0	0.0	0.0	0.0	0.0	0.0	0.0	0.0	0.0	0.0	0.0	0.0	0.0	0.0	0.0	0.0	0.0	0.0	0.0	0.0	0.0	0.00431663385388	0.0	0.00356633083457	0.0	0.0	0.0	0.0	0.0	0.0	0.0	0.0	0.0	0.0	0.0	0.0	0.0	0.0	0.0	0.0	0.0	0.0	0.0	0.0	0.0	0.0	0.0	0.0	0.0	0.00782791411794	0.0	0.0	0.0	0.0	0.00456145872861	0.0	0.00591014612874	0.0	0.0	0.0	0.0	0.0	0.0	0.0	0.0	0.0116991480847	0.0	0.0	0.0	0.0	0.0	0.0	0.0	0.0	0.0	0.0
k__Bacteria;p__OP9;c__OPB46;o__OPB72;f__TIBD11	0.0	0.0	0.0	0.0	0.0	0.0	0.0	0.0	0.0	0.0	0.0	0.0	0.0	0.0	0.0	0.0	0.0	0.0	0.0	0.0	0.0	0.0	0.0	0.0	0.0	0.0	0.0	0.0	0.0	0.0	0.0	0.0	0.0	0.00858714042814	0.0	0.0	0.0	0.0	0.0	0.0	0.0	0.0	0.0	0.0	0.0	0.0	0.0	0.0	0.0	0.0	0.0	0.0	0.0	0.0	0.0	0.0	0.0	0.0	0.0	0.0	0.0	0.0	0.0	0.0	0.0	0.0	0.0	0.0	0.0	0.0	0.0	0.0	0.0	0.00579204343871	0.0	0.0	0.0	0.0	0.0	0.0	0.0	0.0	0.0	0.0	0.0	0.0	0.0	0.0	0.0	0.0	0.0	0.0	0.0	0.0	0.0	0.0	0.0	0.0	0.0	0.0	0.0	0.0	0.0	0.00279674336283	0.0	0.0	0.0	0.0	0.0
k__Bacteria;p__Planctomycetes;c__Phycisphaerae;o__MSBL9;f__	0.0	0.0	0.0	0.0	0.0	0.0	0.0	0.0	0.0	0.0	0.0	0.0	0.0	0.0	0.0	0.0	0.0	0.0	0.0	0.0	0.0	0.0	0.0	0.0	0.0	0.0	0.0	0.0	0.0	0.0	0.0	0.0	0.0	0.0	0.0	0.0	0.0	0.0	0.00473468356659	0.0	0.0	0.0	0.0	0.0	0.0	0.0	0.0	0.0	0.0	0.0	0.0	0.0	0.0	0.0	0.0	0.0	0.0	0.0	0.0	0.0	0.0	0.0	0.0	0.0	0.0	0.0	0.0	0.0	0.0	0.0	0.0	0.0	0.0	0.0	0.0	0.0	0.0	0.0	0.0	0.0	0.0	0.0	0.0	0.0	0.0	0.0	0.0	0.0	0.0	0.0	0.0	0.0	0.0	0.0	0.0	0.0	0.0	0.0	0.0	0.0	0.0	0.0	0.0	0.0	0.0	0.0	0.0	0.0	0.0
k__Bacteria;p__Planctomycetes;c__Planctomycetia;o__Pirellulales;f__Pirellulaceae	0.0	0.0	0.0	0.0	0.0	0.0	0.0	0.0	0.0	0.0	0.0	0.0	0.0	0.0	0.0	0.0	0.0	0.0	0.0	0.0	0.0	0.0	0.0	0.0	0.0	0.0	0.0	0.0	0.0	0.0	0.0	0.0	0.0	0.0	0.0	0.0	0.0	0.0	0.0	0.0	0.0	0.0	0.003779189273	0.0	0.0	0.0	0.0	0.0	0.0	0.0	0.0	0.0	0.0	0.0	0.0	0.0	0.0	0.0	0.0	0.0	0.0	0.0	0.0	0.0	0.0	0.0	0.0	0.0	0.0	0.0	0.0	0.0	0.0	0.0	0.0	0.0	0.0	0.0	0.0	0.0	0.0	0.0	0.0	0.0	0.0	0.0	0.0	0.0	0.0	0.0	0.0	0.0	0.0	0.0	0.0	0.0	0.0	0.0	0.0	0.0	0.0	0.0	0.0	0.0	0.0	0.0	0.0	0.0	0.0
k__Bacteria;p__Proteobacteria;c__Alphaproteobacteria;o__Caulobacterales;f__Caulobacteraceae	0.0	0.0	0.0	0.0	0.0	0.0	0.0	0.0	0.0	0.0	0.0	0.0	0.0	0.0	0.0	0.0	0.0	0.0	0.0	0.0	0.0	0.0	0.0	0.0	0.0	0.0	0.0	0.0	0.0	0.0	0.0	0.0	0.0	0.0	0.0	0.0	0.0	0.0	0.0	0.0	0.0	0.0	0.0	0.0	0.0	0.0	0.0	0.0	0.0	0.0	0.0	0.0	0.0	0.0	0.0	0.0	0.0	0.0	0.0	0.0	0.0	0.0	0.0	0.0	0.0	0.0	0.0	0.0	0.0	0.0	0.0	0.0	0.0	0.0	0.0	0.0	0.0	0.0	0.0	0.0	0.0	0.0	0.0	0.0	0.0	0.0	0.0	0.0	0.0	0.0	0.0	0.0	0.0	0.0	0.0	0.0	0.0	0.0	0.0262641508687	0.0	0.0	0.0228391373996	0.0	0.0	0.0	0.0	0.0	0.0	0.0
k__Bacteria;p__Proteobacteria;c__Alphaproteobacteria;o__RF32;f__	0.0	0.0	0.0	0.0	0.00474788391604	0.0140863709423	0.0	0.0140886281889	0.0	0.0	0.00982124311141	0.0112515548406	0.0	0.0160833363296	0.0	0.0	0.0	0.0	0.0	0.0	0.0	0.0	0.0	0.0	0.0	0.0	0.0	0.00401292547524	0.0	0.0	0.0	0.0	0.0	0.0	0.0	0.00687621786585	0.0	0.0	0.0	0.0	0.0	0.00974461831884	0.0	0.0	0.0	0.0	0.0	0.0	0.0	0.0	0.0	0.0	0.0	0.0	0.0169949119219	0.00271734724411	0.0	0.0	0.0	0.0161972242935	0.00310380101897	0.0	0.0	0.0	0.0	0.0	0.0	0.0213177859102	0.00796854445906	0.0	0.0	0.0	0.0	0.0	0.0	0.0289430517953	0.00758619663465	0.0	0.0	0.0158221877004	0.00858159179908	0.0	0.0	0.0	0.00707359439204	0.0	0.0	0.0	0.0	0.042335713359	0.0	0.0	0.0133022446496	0.0230600159019	0.0276455343979	0.0	0.0	0.0344686705249	0.0	0.0	0.0	0.0	0.0	0.0271898053097	0.0	0.0	0.0	0.0	0.0
k__Bacteria;p__Proteobacteria;c__Alphaproteobacteria;o__Rhizobiales;f__	0.0	0.0	0.0	0.0	0.0	0.0	0.0	0.0	0.0	0.0	0.0	0.0	0.0	0.0	0.0	0.0	0.0	0.0	0.0	0.0	0.0	0.0	0.0	0.0	0.0	0.0	0.0	0.0	0.0	0.0	0.0	0.0	0.0	0.0	0.0	0.0	0.0	0.0	0.0	0.0	0.0	0.0	0.0	0.0	0.0	0.0	0.0	0.0	0.0	0.0	0.0	0.0	0.0	0.0	0.0	0.0	0.0	0.0	0.0	0.0	0.0	0.0	0.0	0.0	0.0	0.0	0.0	0.0	0.0	0.0	0.0	0.0	0.0	0.00323738565414	0.0	0.0	0.0	0.0	0.0	0.0	0.0	0.0	0.0	0.0	0.0	0.0	0.0	0.0	0.0	0.0	0.0	0.0	0.0	0.0	0.0	0.0	0.0	0.0	0.0	0.0	0.0	0.0	0.0	0.0	0.0	0.0	0.0	0.0	0.0
k__Bacteria;p__Proteobacteria;c__Alphaproteobacteria;o__Rhizobiales;f__Brucellaceae	0.0223293996614	0.0	0.0	0.0	0.0	0.0	0.0	0.0	0.0	0.0	0.0	0.0	0.0	0.0	0.0	0.0	0.0	0.0	0.0	0.0	0.0	0.0	0.0	0.0	0.0	0.0	0.0	0.0	0.0	0.0	0.0	0.0	0.0	0.0	0.0	0.0	0.0	0.0	0.0	0.0	0.0	0.0	0.0	0.0	0.0	0.0	0.0	0.0	0.0	0.0	0.0	0.0	0.0	0.0	0.0	0.0	0.0	0.0	0.0	0.0	0.0	0.0	0.0	0.0	0.0	0.0	0.0	0.0	0.0	0.0	0.0	0.0	0.0	0.0	0.0	0.0	0.0	0.0	0.0	0.0	0.0	0.0	0.0	0.0	0.0	0.0	0.0	0.0	0.0	0.0	0.0	0.0	0.0	0.0	0.0	0.0	0.0	0.0	0.0	0.0	0.0	0.0239464361136	0.0	0.0	0.0	0.031658083215	0.0	0.0	0.0
k__Bacteria;p__Proteobacteria;c__Alphaproteobacteria;o__Rhizobiales;f__Hyphomicrobiaceae	0.0	0.0	0.0	0.0	0.0	0.0	0.0	0.0	0.0	0.0	0.0	0.0	0.0	0.0	0.0	0.0	0.0	0.0	0.0	0.0	0.0	0.0	0.0	0.0	0.0	0.0	0.0	0.0	0.0	0.0	0.0	0.0	0.0	0.0	0.0	0.0	0.0	0.0	0.0	0.0	0.0	0.0	0.0	0.0	0.0	0.0	0.0	0.0	0.0	0.0	0.0	0.0	0.0	0.0	0.0	0.0	0.0	0.0	0.0	0.0	0.0	0.0	0.0	0.0	0.0	0.0	0.0	0.0	0.0	0.0	0.0	0.0	0.0	0.0	0.0	0.0	0.0	0.0	0.0	0.0	0.0	0.0	0.0	0.0	0.0	0.0	0.0	0.0	0.0	0.0	0.0	0.0	0.0	0.0	0.0	0.0	0.0	0.0	0.0	0.0	0.0	0.0	0.0	0.0	0.0	0.0	0.0	0.0	0.0
k__Bacteria;p__Proteobacteria;c__Alphaproteobacteria;o__Rhizobiales;f__Methylobacteriaceae	0.0065764156645	0.0	0.0	0.0	0.0	0.0	0.0	0.0	0.0	0.0	0.0	0.0	0.0	0.0	0.00712445815188	0.0	0.0	0.0	0.0	0.0	0.0	0.0	0.0	0.0	0.0	0.0	0.0	0.0	0.0	0.0	0.0	0.0	0.0	0.0	0.0	0.0	0.0	0.0	0.0	0.0	0.0	0.0	0.0	0.0	0.0	0.0	0.0	0.0	0.0	0.0	0.0	0.0	0.0	0.0	0.0	0.0	0.0	0.0	0.0	0.0	0.0	0.0	0.0	0.0	0.0	0.0	0.0	0.0	0.0	0.0	0.0	0.0	0.0	0.0	0.0	0.0	0.0	0.0	0.0	0.0	0.0	0.0	0.0	0.0	0.0	0.0	0.0	0.0	0.0	0.0	0.0	0.0	0.0	0.0	0.0	0.0	0.0	0.0	0.0	0.0	0.0	0.0	0.0	0.0	0.0	0.0	0.0	0.0	0.0
k__Bacteria;p__Proteobacteria;c__Alphaproteobacteria;o__Rhizobiales;f__Methylocystaceae	0.0	0.0	0.0	0.0	0.0	0.0	0.0	0.0	0.0	0.0	0.0	0.0	0.0	0.0	0.0	0.0	0.0	0.0	0.0	0.0	0.0	0.0	0.0	0.0	0.0	0.0	0.0	0.0	0.0	0.0	0.0	0.0	0.0	0.0	0.0	0.0	0.0	0.0	0.0	0.0	0.0	0.0	0.0	0.0	0.0	0.0	0.0	0.0	0.0	0.0	0.0	0.0	0.0	0.0	0.0	0.0	0.0	0.0	0.0	0.0	0.0	0.0	0.0	0.0	0.0	0.0	0.0	0.0	0.0	0.0	0.0	0.0	0.0	0.0	0.0	0.0	0.0	0.0	0.0	0.0	0.0	0.0	0.0	0.0	0.0	0.0230711538448	0.0	0.0	0.0	0.0	0.0	0.0	0.0	0.0	0.0	0.0	0.0	0.0	0.0	0.0	0.0	0.0	0.0	0.0	0.0	0.0	0.0	0.0	0.0
k__Bacteria;p__Proteobacteria;c__Alphaproteobacteria;o__Rhizobiales;f__Rhizobiaceae	0.0149089616636	0.0	0.0	0.0	0.0	0.0	0.0	0.0	0.0	0.0	0.0	0.0	0.0	0.0	0.0	0.0	0.0	0.0	0.0	0.0	0.0	0.0	0.0	0.0	0.0	0.0	0.0	0.0	0.0	0.0	0.0	0.0	0.0	0.0	0.0	0.0	0.0	0.0	0.0	0.0	0.0	0.0	0.0	0.0	0.0	0.0	0.0	0.0	0.0	0.0	0.0	0.0	0.0	0.0	0.0	0.0	0.0	0.0	0.0	0.0	0.0	0.0	0.0	0.0	0.0	0.0	0.0	0.0	0.0	0.0	0.0	0.0	0.0	0.0	0.0	0.0	0.0	0.0	0.0	0.0	0.0	0.0	0.0	0.0	0.0	0.0	0.0	0.0	0.0	0.0	0.0	0.0	0.0	0.0	0.0	0.0	0.0	0.0	0.0143851757197	0.0	0.0	0.0	0.0	0.0	0.0	0.0	0.0	0.0	0.0
k__Bacteria;p__Proteobacteria;c__Alphaproteobacteria;o__Rhodobacterales;f__Rhodobacteraceae	0.0	0.0	0.0	0.0	0.0	0.0	0.0	0.0	0.0	0.0	0.0	0.0	0.0	0.0	0.0	0.0	0.0	0.0	0.0	0.0	0.0	0.0	0.0	0.0	0.0	0.0	0.0	0.0	0.0	0.0	0.0	0.0	0.0	0.0	0.0	0.0	0.0	0.0	0.0	0.0	0.0	0.0	0.0	0.0	0.0	0.0	0.0	0.0	0.0	0.0	0.0	0.0	0.0	0.0	0.0	0.0	0.0	0.0	0.0	0.0	0.0	0.0	0.0	0.0	0.0	0.0	0.0	0.0	0.0	0.0	0.00962286301469	0.0	0.0	0.0	0.0	0.0	0.0	0.0	0.0	0.0	0.0	0.0	0.0	0.0	0.0	0.0	0.0	0.0	0.0	0.0	0.0	0.0	0.0	0.0	0.0	0.0	0.0	0.0	0.0	0.0	0.0	0.0182222598175	0.0	0.0	0.0	0.0	0.0	0.0	0.0
k__Bacteria;p__Proteobacteria;c__Alphaproteobacteria;o__Rhodospirillales;f__Acetobacteraceae	0.0	0.0	0.0	0.0	0.0	0.0	0.0	0.0	0.0	0.0	0.0	0.0	0.0	0.0	0.0	0.0	0.0	0.0	0.0	0.0	0.0	0.0	0.0	0.0	0.0	0.0	0.0	0.0	0.0	0.0	0.0	0.0	0.0	0.0	0.0	0.0	0.0	0.0	0.0	0.0	0.0	0.0	0.0	0.0	0.0	0.0	0.0	0.0	0.0	0.0	0.0	0.0	0.0	0.00311431849602	0.0	0.0	0.0	0.0	0.0	0.0	0.0	0.0	0.0	0.0	0.0	0.0	0.0	0.0	0.0	0.0	0.0	0.0	0.0	0.0	0.0	0.0	0.0	0.0	0.0	0.0	0.0	0.0	0.0	0.0	0.0	0.0	0.0	0.0	0.0	0.0	0.0	0.0	0.0	0.0	0.0	0.0	0.0	0.0	0.0	0.0	0.0	0.0	0.0	0.0	0.0	0.0	0.0	0.0	0.0
k__Bacteria;p__Proteobacteria;c__Alphaproteobacteria;o__Rhodospirillales;f__Rhodospirillaceae	0.0	0.0	0.0	0.0	0.0	0.0	0.0	0.0	0.0	0.0	0.0	0.0	0.0	0.0	0.0	0.0	0.0	0.0	0.0	0.0	0.0	0.0	0.0	0.0	0.0	0.0	0.0	0.0	0.0	0.0	0.0	0.0	0.0	0.0	0.0	0.0	0.0	0.0	0.0	0.0	0.0	0.0	0.0	0.0	0.0	0.0	0.0	0.0	0.0	0.0	0.0	0.0	0.0	0.0	0.0	0.0	0.0	0.0	0.0	0.0	0.0	0.0	0.0	0.0	0.0	0.0	0.0	0.0	0.0	0.0	0.0	0.0	0.0	0.0	0.00226403775377	0.0	0.0	0.0	0.0	0.0	0.0	0.0	0.0	0.0	0.0	0.0	0.0	0.0	0.0	0.0	0.0	0.0	0.0	0.0	0.0	0.0	0.0	0.0	0.0	0.0	0.0	0.0	0.0	0.0	0.0	0.0	0.0	0.0	0.0
k__Bacteria;p__Proteobacteria;c__Alphaproteobacteria;o__Rickettsiales;f__mitochondria	0.0	0.0	0.0	0.0	0.0	0.0	0.0	0.0	0.0	0.0	0.0	0.0	0.0	0.0	0.0	0.0	0.0	0.0	0.0	0.0	0.0	0.0	0.0	0.0	0.0	0.0	0.0	0.0	0.0	0.0	0.0	0.0	0.0	0.0	0.0	0.0	0.0	0.0	0.0	0.0	0.0	0.0	0.0	0.0	0.0	0.0	0.0	0.0	0.0	0.0	0.0	0.0	0.0	0.0	0.0	0.0	0.0	0.0	0.0	0.0	0.0	0.0	0.0	0.0	0.0	0.0	0.0	0.0	0.0	0.0	0.0	0.0	0.0	0.0	0.0	0.0	0.0	0.0	0.0	0.0	0.0	0.0	0.0	0.0	0.0	0.0	0.0	0.0	0.0	0.0	0.0	0.0	0.0	0.0	0.0	0.0	0.0	0.0	0.0	0.0	0.0	0.0	0.0	0.0	0.0	0.0	0.0	0.0119116664401	0.0
k__Bacteria;p__Proteobacteria;c__Alphaproteobacteria;o__Sphingomonadales;f__Erythrobacteraceae	0.0	0.0	0.0	0.0	0.0	0.0	0.0	0.0	0.0	0.0	0.0	0.0	0.0	0.0	0.0	0.0	0.0	0.0	0.0	0.0	0.0	0.0	0.0	0.0	0.0	0.0	0.0	0.0	0.0	0.0	0.0	0.0	0.0	0.0	0.0	0.0	0.0	0.0	0.0	0.0	0.0	0.0	0.0	0.0	0.0	0.0	0.0	0.0	0.0	0.0	0.0	0.0	0.0	0.0	0.0	0.0	0.0	0.0	0.0	0.0	0.0	0.0	0.0	0.0	0.0	0.0	0.0	0.0	0.0	0.0	0.0	0.0	0.0	0.0	0.0	0.0	0.0	0.0	0.0	0.0	0.0	0.0	0.0	0.0	0.0	0.0190357516226	0.0	0.0	0.0	0.0	0.0	0.0	0.0	0.0	0.0	0.0	0.0	0.0	0.0	0.0	0.0	0.0	0.0	0.0	0.0	0.0	0.0	0.0	0.0
k__Bacteria;p__Proteobacteria;c__Alphaproteobacteria;o__Sphingomonadales;f__Sphingomonadaceae	0.0159932334244	0.0	0.0	0.0	0.0	0.0	0.0	0.0	0.0	0.0	0.0	0.0	0.0	0.0	0.0	0.0	0.0	0.0	0.0	0.0	0.0	0.0	0.0	0.0	0.0	0.0	0.0	0.0	0.0	0.0	0.0	0.0	0.0	0.0	0.0	0.0	0.0	0.0	0.0	0.0	0.0	0.0	0.0	0.0	0.0	0.0	0.0	0.0	0.0	0.0	0.0	0.0	0.0	0.0	0.0	0.0	0.0	0.0	0.0	0.0	0.0	0.0	0.0	0.0	0.0	0.0	0.0	0.0	0.0	0.0	0.0	0.0	0.0	0.00505725608045	0.0	0.0	0.0	0.0	0.0	0.0	0.0	0.0	0.0	0.0	0.0	0.0	0.0	0.0	0.0	0.0	0.0	0.0	0.0	0.0	0.0	0.0	0.0	0.0	0.0247295606258	0.0	0.0	0.0149082939317	0.0	0.0	0.0	0.0462832364314	0.0	0.0	0.0
k__Bacteria;p__Proteobacteria;c__Betaproteobacteria;o__Burkholderiales;f__Alcaligenaceae	0.0263413551447	0.0132366187881	0.0318259931894	0.01414327908	0.00491359982433	0.00800321840331	0.0164602307828	0.0119854087451	0.0120743532676	0.0229186980476	0.0114275849379	0.017361578816	0.021700014377	0.0210998365351	0.0210387571151	0.0269461510544	0.0231941400847	0.0170398727226	0.0134100546719	0.0337779261572	0.018521795946	0.0163827301719	0.0225531823635	0.0153522510594	0.00614435902479	0.0186827332567	0.0151851519242	0.0141070500043	0.0115382534685	0.0204273578992	0.0204210919705	0.0	0.0255466561378	0.0428841101369	0.0238618862599	0.0156954113814	0.0244749368872	0.0270227565447	0.0122753465371	0.0192580442225	0.0	0.0300669251593	0.0170448183997	0.0182140440961	0.0244242234326	0.0198795398101	0.0155519783986	0.0157550062086	0.0182097065911	0.0238685525311	0.0188184007166	0.0271019563194	0.0331522123513	0.0148493120992	0.0165541105856	0.0149478051175	0.0293008323593	0.0	0.0160010577972	0.0143903793618	0.0282914480753	0.0119893859325	0.0203203819397	0.0164384387219	0.01753574373	0.0187541754654	0.0144276587786	0.013670696093	0.0348737423117	0.0174491260156	0.0283860988395	0.0219366390178	0.0230171130156	0.020765100952	0.0169895696084	0.0305261751552	0.0182184600984	0.0213173341784	0.0188136817411	0.0128633954803	0.0	0.0	0.0220750204638	0.0365818720945	0.015779689696	0.0243078930599	0.0188965952171	0.0127393929724	0.0265468734478	0.0138646586613	0.0238025519381	0.0183262287021	0.0161058802583	0.0170291808702	0.0174083860873	0.0158742112643	0.0188341654087	0.0206531381763	0.0134677361306	0.028710913433	0.0204966125827	0.065138829412	0.02480099717	0.0108579115044	0.0386005832029	0.0224813206949	0.0	0.0	0.0123304687456
k__Bacteria;p__Proteobacteria;c__Betaproteobacteria;o__Burkholderiales;f__Burkholderiaceae	0.0	0.0	0.0	0.0	0.0	0.0	0.0041147357433	0.0	0.0	0.0	0.0	0.0	0.0	0.0	0.0	0.0	0.0	0.0	0.0	0.0	0.0	0.0	0.0	0.0	0.0	0.0	0.0	0.0	0.0	0.0	0.0	0.0	0.0	0.0	0.0	0.0	0.0	0.0	0.0	0.0	0.0	0.0	0.0	0.0	0.0	0.0	0.0	0.0	0.0	0.0	0.0	0.0	0.0	0.0	0.0	0.0	0.0	0.0	0.0	0.0	0.0	0.0	0.0	0.0	0.0	0.0	0.0	0.0	0.0	0.0	0.0	0.0	0.0	0.0	0.0	0.0	0.0	0.0	0.0	0.0	0.0	0.0	0.0	0.0	0.0	0.0	0.0	0.0	0.0	0.0	0.0	0.0	0.0	0.0	0.0	0.0	0.0	0.0	0.0	0.0	0.0	0.0	0.0	0.0	0.0	0.0	0.0	0.0	0.0
k__Bacteria;p__Proteobacteria;c__Betaproteobacteria;o__Burkholderiales;f__Comamonadaceae	0.0367722594394	0.0	0.0	0.0	0.0	0.0	0.0	0.0	0.0	0.0	0.0	0.0	0.0	0.0	0.0	0.0	0.0	0.0	0.0	0.0	0.0	0.0	0.0	0.0	0.0	0.0	0.0	0.0	0.0	0.0	0.0	0.0	0.0	0.0	0.0	0.0	0.0	0.0	0.00816187488876	0.0	0.0	0.0	0.0	0.0	0.0	0.0	0.0	0.0	0.0	0.0	0.0	0.0	0.0	0.0	0.0	0.0	0.0	0.0	0.0	0.0	0.0	0.0	0.0	0.0	0.0	0.0	0.0	0.0	0.0	0.0	0.0	0.0	0.0	0.0	0.0	0.0	0.0	0.0	0.0	0.0	0.0	0.0	0.0	0.0	0.0	0.0429243641431	0.0	0.0	0.0	0.0	0.0	0.0	0.0	0.0	0.0	0.0	0.0	0.0	0.0134677361306	0.0	0.0	0.0434701390614	0.0	0.0	0.0	0.0	0.0	0.0	0.0
k__Bacteria;p__Proteobacteria;c__Betaproteobacteria;o__Burkholderiales;f__Oxalobacteraceae	0.0106483585205	0.0	0.0	0.0	0.0	0.0	0.0	0.0	0.00521638229002	0.0	0.00526092782603	0.0	0.0	0.0	0.0	0.0	0.0	0.0	0.0	0.0	0.0	0.0100278729882	0.0	0.0	0.0	0.0	0.0	0.0	0.0	0.0	0.0	0.0	0.0	0.0	0.0	0.0	0.0	0.0	0.0	0.0	0.0	0.0	0.0	0.0	0.0	0.0	0.0	0.0	0.0	0.0	0.0	0.0	0.0	0.0	0.0	0.0	0.0	0.0	0.0	0.0	0.0	0.0	0.0	0.0	0.0	0.0	0.0	0.0	0.0	0.015083005236	0.0	0.0	0.0	0.0	0.0	0.0	0.0	0.0	0.0	0.0	0.0	0.0	0.0	0.0	0.0	0.0	0.0	0.00519588747707	0.0	0.0	0.0	0.0	0.0	0.0	0.0	0.0	0.0	0.0	0.0	0.0	0.0	0.0	0.0	0.0	0.0	0.0	0.0	0.0	0.0
k__Bacteria;p__Proteobacteria;c__Betaproteobacteria;o__Methylophilales;f__Methylophilaceae	0.0	0.0	0.0	0.0	0.0	0.0	0.0	0.0	0.0	0.0	0.0	0.0	0.0	0.0	0.0	0.0	0.0	0.0	0.0	0.0	0.0	0.0	0.0	0.0	0.0	0.0	0.0	0.0	0.0	0.0	0.0	0.0	0.0	0.00683747431206	0.0	0.0	0.0	0.0	0.0	0.0	0.0	0.0	0.0	0.0	0.0	0.0	0.0	0.0	0.0	0.0	0.0	0.0	0.0	0.0	0.0	0.0	0.0	0.0	0.0	0.0	0.0	0.0	0.0	0.0	0.0	0.0	0.0	0.0	0.0	0.0	0.0	0.0	0.0	0.0	0.0	0.0	0.0	0.0	0.0	0.0	0.0	0.0	0.0	0.0	0.0	0.0	0.0	0.0	0.0	0.0	0.0	0.0	0.0	0.0	0.0	0.0	0.0	0.0	0.0	0.0	0.0	0.0	0.0	0.0	0.0	0.0	0.0	0.0	0.0
k__Bacteria;p__Proteobacteria;c__Betaproteobacteria;o__Neisseriales;f__Neisseriaceae	0.0	0.0	0.0	0.0	0.0	0.0	0.0	0.0	0.0	0.0	0.0	0.0	0.0	0.0	0.0	0.0	0.0	0.0	0.0	0.0	0.0	0.0	0.0	0.0	0.0	0.0	0.0	0.0	0.0	0.0	0.0	0.0	0.0	0.0	0.0	0.0	0.0	0.0	0.0	0.0	0.0	0.0	0.0	0.0	0.0	0.0	0.0	0.0	0.0	0.0	0.0	0.0	0.0	0.0	0.0	0.0	0.0	0.0	0.0	0.0	0.00726653367211	0.0	0.0	0.0	0.0	0.0	0.0	0.0	0.0	0.0	0.0	0.0	0.0	0.0	0.0	0.0	0.0	0.0	0.0	0.0	0.0	0.0	0.0	0.0	0.0	0.0	0.0	0.0	0.0	0.0	0.0	0.0	0.0	0.00489622650131	0.0	0.0	0.0	0.0	0.0	0.0	0.0	0.0	0.0	0.0	0.0	0.0	0.0	0.0	0.0
k__Bacteria;p__Proteobacteria;c__Betaproteobacteria;o__Rhodocyclales;f__Rhodocyclaceae	0.0	0.0	0.0	0.0	0.0	0.0	0.0	0.0	0.0	0.0	0.0	0.0	0.0	0.0	0.0	0.0	0.0	0.0	0.0	0.0	0.0	0.0	0.0	0.0	0.0	0.0	0.0	0.0	0.0	0.0	0.0	0.0	0.0	0.0	0.0	0.0	0.0	0.0	0.0	0.0	0.0	0.0	0.0	0.0	0.0	0.0	0.0	0.0	0.0	0.0	0.0	0.0	0.0	0.0	0.0	0.0	0.0	0.0	0.0	0.0	0.0	0.0	0.0	0.0	0.0	0.0	0.0	0.0	0.0	0.0	0.0	0.0	0.0	0.0	0.0	0.0	0.0	0.0	0.0	0.0	0.0	0.0	0.0	0.0	0.0	0.0206834687923	0.0	0.0	0.0	0.0	0.0	0.0	0.0	0.0	0.0	0.0	0.0	0.0	0.0	0.0	0.0	0.0	0.0	0.0	0.0	0.0	0.0	0.0	0.0
k__Bacteria;p__Proteobacteria;c__Deltaproteobacteria;o__Desulfovibrionales;f__Desulfovibrionaceae	0.0112623292797	0.00973626088763	0.0163687700145	0.0089082582275	0.00478385939719	0.0132916882978	0.0236003992946	0.0181677415782	0.00506239672503	0.0131074388051	0.0107976183071	0.0161562259776	0.0324447698225	0.0150523665927	0.0	0.0210071494914	0.0209231274884	0.0212579818055	0.0	0.00970443471366	0.00742486519162	0.00578990659274	0.0	0.0	0.00221417712184	0.00754904950006	0.00940166527476	0.0	0.0	0.0	0.0160888297813	0.0	0.019722690521	0.0	0.0352434683333	0.0	0.0	0.0	0.0314781819887	0.0142129236834	0.0145328330286	0.0166486975515	0.0317107203174	0.0349104823857	0.0	0.0242406128753	0.00769687481017	0.00542579265898	0.0149762052725	0.0210794454355	0.0121922800737	0.0	0.0200493854494	0.00982297567891	0.0090350022082	0.0126711884543	0.0109512731415	0.0169814942307	0.0	0.0	0.00900753442568	0.016676770734	0.0165357168671	0.00430601552275	0.0103683358409	0.00870527290292	0.00674780202993	0.00810598881596	0.0	0.0114777152489	0.0	0.0278379069682	0.0	0.0	0.0126800353442	0.0114417861456	0.0	0.0368058800256	0.0114095231579	0.0146161268067	0.0178744779345	0.01293838878	0.00835217768493	0.0299769486201	0.00939520932958	0.0	0.00513887323368	0.0175113627463	0.0158828435257	0.0168692168732	0.0193765748311	0.0068896391365	0.00732090572314	0.00974401623089	0.00896410669759	0.0	0.00867658227113	0.0382972098633	0.0122299718535	0.00607188861647	0.0149580313587	0.0	0.0191362563793	0.0143714926254	0.0	0.0	0.0	0.0	0.0
k__Bacteria;p__Proteobacteria;c__Epsilonproteobacteria;o__Campylobacterales;f__Campylobacteraceae	0.0	0.0	0.0	0.0	0.00251775592302	0.00752487858254	0.0	0.0	0.0	0.0	0.0173051622347	0.0	0.0	0.00593204927186	0.00617618891693	0.00514376373762	0.0	0.0	0.0	0.00591219562046	0.0	0.0	0.0	0.0	0.00349813367494	0.00855943961709	0.00380087819411	0.0	0.00252178259153	0.007565151191	0.0	0.0	0.0	0.0	0.00983437602672	0.00526651691121	0.0	0.0	0.0	0.0	0.0	0.0	0.0	0.00830702973107	0.0	0.00386875204938	0.0	0.0	0.0	0.0	0.00726120885254	0.0058676279578	0.0	0.0	0.0	0.0	0.0	0.00566018521256	0.0	0.00702549855069	0.00924480171308	0.00491172006534	0.0	0.0132003175087	0.00934131011408	0.0100809628089	0.0	0.0	0.0	0.0	0.0	0.0	0.0	0.0	0.00173084045669	0.0	0.00563289021715	0.0	0.0	0.0101408956945	0.0	0.00628096299548	0.0	0.0	0.0	0.0	0.0	0.00391486840671	0.0	0.0	0.00390312475225	0.0	0.0	0.0	0.0	0.0	0.0	0.0	0.0	0.0	0.0	0.0116263427833	0.0	0.0	0.0	0.0	0.00704841944457	0.0	0.0
k__Bacteria;p__Proteobacteria;c__Epsilonproteobacteria;o__Campylobacterales;f__Helicobacteraceae	0.0	0.0	0.0	0.0	0.0	0.0	0.0	0.0	0.0	0.0	0.0	0.0	0.0	0.0	0.0	0.0	0.0	0.0	0.0	0.0	0.0	0.0	0.0	0.0	0.0	0.0	0.0	0.0	0.0	0.0	0.0	0.0	0.0	0.0	0.0	0.0	0.0	0.0	0.0	0.00468762459318	0.0	0.0	0.0	0.0	0.0	0.0	0.0	0.0	0.0	0.0	0.0	0.0	0.0	0.0	0.0	0.0	0.0	0.0	0.0	0.0	0.0	0.0	0.0	0.0	0.0	0.0	0.0	0.0	0.0	0.0	0.0	0.0	0.0	0.0	0.0	0.0	0.0	0.0	0.0	0.0	0.0	0.0	0.0	0.0	0.0	0.0	0.0	0.0	0.0	0.0	0.0	0.0	0.0	0.0	0.0	0.0	0.0	0.0	0.0	0.0	0.0	0.0	0.0	0.0	0.0	0.0	0.0	0.0	0.0
k__Bacteria;p__Proteobacteria;c__Gammaproteobacteria;o__Acidithiobacillales;f__Acidithiobacillaceae	0.0	0.0	0.0	0.0	0.0	0.0	0.0	0.0	0.0	0.0	0.0	0.0	0.0	0.0	0.0	0.0	0.0	0.0	0.0	0.0	0.0	0.0	0.00685100522763	0.0	0.0	0.0	0.0	0.0	0.0	0.0	0.0	0.0	0.0	0.0	0.0	0.0	0.0	0.0	0.0	0.0	0.0	0.0	0.0	0.0	0.0	0.0	0.0	0.0	0.0	0.0	0.0	0.0	0.0	0.0	0.0	0.0	0.0	0.0	0.0	0.0	0.0	0.0	0.0	0.0	0.0	0.0	0.0	0.0	0.0	0.0	0.0	0.0	0.0	0.0	0.0	0.0	0.0	0.0	0.0	0.0	0.0	0.0	0.0	0.0	0.0	0.0	0.0	0.0	0.0	0.0	0.0	0.0	0.0	0.0	0.0	0.0	0.0	0.0	0.0	0.0	0.0	0.0	0.0	0.0	0.0	0.0	0.0	0.0	0.0
k__Bacteria;p__Proteobacteria;c__Gammaproteobacteria;o__Aeromonadales;f__Aeromonadaceae	0.0	0.0	0.0	0.0	0.0	0.0	0.0	0.0	0.0	0.0	0.0	0.0	0.0	0.0	0.0	0.0	0.0	0.0	0.0	0.0	0.0	0.0	0.0	0.0	0.0	0.0	0.0	0.0	0.0	0.0	0.0	0.0	0.0	0.0	0.0	0.0	0.0	0.0	0.0	0.0	0.0	0.0	0.0	0.0	0.0	0.0	0.0	0.0	0.0	0.0	0.0	0.0	0.0	0.0	0.0	0.0	0.0	0.0	0.0	0.0	0.0	0.0	0.0	0.0	0.0	0.0	0.0	0.0	0.0	0.0	0.0	0.0	0.0	0.0	0.0	0.0	0.0	0.0	0.0	0.0	0.0	0.0	0.0	0.0	0.0	0.0	0.0	0.0	0.0	0.0	0.0	0.0	0.0	0.0	0.0	0.0	0.0	0.0	0.0	0.0	0.0	0.0	0.0	0.0	0.0	0.0	0.0	0.0	0.0
k__Bacteria;p__Proteobacteria;c__Gammaproteobacteria;o__Aeromonadales;f__Succinivibrionaceae	0.0	0.0	0.0	0.0	0.0	0.0	0.0	0.0	0.0	0.0	0.0	0.0	0.0	0.0	0.0	0.00366158752711	0.0	0.0	0.0	0.0104914165443	0.0	0.0	0.0	0.0	0.0	0.0	0.0	0.0	0.0	0.0	0.0	0.0	0.0	0.0	0.0	0.0	0.0	0.0	0.0	0.0	0.0	0.0	0.0	0.0	0.0	0.0	0.0	0.0	0.0	0.0	0.0	0.0	0.0	0.0	0.0	0.0	0.0	0.0	0.0	0.0	0.0	0.0	0.0	0.0	0.0	0.0	0.0	0.0	0.0	0.0	0.0	0.0	0.0	0.0	0.0	0.0	0.0	0.0	0.0	0.0	0.0	0.0	0.0	0.0	0.0	0.0	0.0	0.0	0.0	0.0	0.0	0.0	0.0	0.0	0.0	0.0	0.0	0.0	0.0	0.0	0.0	0.0	0.0	0.0	0.0	0.0	0.0	0.0	0.0
k__Bacteria;p__Proteobacteria;c__Gammaproteobacteria;o__Alteromonadales;f__Alteromonadaceae	0.0	0.0	0.0	0.0	0.0	0.0	0.0	0.0	0.0	0.0	0.0	0.0	0.0	0.0	0.0	0.0	0.0	0.0	0.0	0.0	0.0	0.0	0.0	0.0	0.0	0.0	0.0	0.0	0.0	0.0	0.0	0.0	0.0	0.0	0.0	0.0	0.0	0.0	0.0	0.0	0.0	0.0	0.0	0.0	0.0	0.0	0.0	0.0	0.0	0.0	0.0	0.0	0.0	0.0	0.0	0.0	0.0	0.0	0.0	0.0	0.0	0.0	0.0	0.0	0.0	0.0	0.0	0.0	0.0	0.0	0.0	0.0	0.0	0.0	0.0	0.0	0.0	0.0	0.0	0.0	0.0	0.0	0.0	0.0	0.0	0.0	0.0	0.0	0.0	0.0	0.0	0.0	0.0	0.0	0.0	0.0	0.0	0.0	0.0	0.0	0.0	0.0	0.0	0.0	0.0	0.0	0.0	0.0	0.0
k__Bacteria;p__Proteobacteria;c__Gammaproteobacteria;o__Enterobacteriales;f__Enterobacteriaceae	0.072578722179	0.0	0.0	0.0	0.00653724629523	0.0105127077434	0.00733407584757	0.011001293899	0.00974890789446	0.0	0.00888887950552	0.0180434477302	0.0170044127223	0.0221513891907	0.0	0.0	0.0224130285533	0.0100965753784	0.00561202141443	0.00481145448251	0.0	0.0239329809576	0.0160602417194	0.0275660590035	0.00697441277025	0.00747784941196	0.0	0.00480706733686	0.00738189842623	0.0132402226538	0.0352622470168	0.0	0.0	0.0139808752625	0.0187961776464	0.0	0.00850962503852	0.0	0.0	0.0160809629924	0.0	0.0128936078023	0.0	0.0	0.0	0.00715763842802	0.0237076186912	0.00542579265898	0.0	0.0382995270066	0.0	0.0	0.0	0.0124409607979	0.0	0.00584281248019	0.0121645136634	0.043823846739	0.0103249631693	0.0	0.0188130956676	0.00880230070467	0.0459345411081	0.00740576862792	0.0	0.0107296484609	0.00645927626773	0.0179011288644	0.0	0.0105274467623	0.0232751859615	0.0	0.0303929032607	0.0	0.0226408418605	0.0535382114504	0.0339565096236	0.0627037546735	0.00919023598209	0.0	0.00581011007406	0.0328098824231	0.00741614918952	0.0	0.0340488332757	0.0	0.00574740523761	0.0	0.0180567716359	0.0	0.0101376247428	0.0830651352834	0.0	0.00762627831952	0.0	0.0137371891638	0.0120557163987	0.0187988371403	0.0361088787325	0.0197332519672	0.0322087362825	0.0727586306151	0.0319533399707	0.0	0.0147446068688	0.14697174326	0.0761240473067	0.0	0.0737188419614
k__Bacteria;p__Proteobacteria;c__Gammaproteobacteria;o__Pasteurellales;f__Pasteurellaceae	0.0	0.00854955537623	0.0	0.00575587322457	0.00411958841024	0.0037224359512	0.0	0.00288756923633	0.00359364332064	0.00734999587512	0.00743828348953	0.0	0.0	0.0100415983392	0.0164294200586	0.00549752965115	0.0	0.00886285896994	0.0156092328934	0.00578646224755	0.00667273729018	0.00522516524282	0.0153897189587	0.0163134746102	0.0	0.00508040231022	0.0153314933699	0.00696598619515	0.0	0.00461834007729	0.00788260161268	0.0131472544918	0.00513335547742	0.0230736173273	0.0	0.00850749465315	0.0138010607032	0.0201017645037	0.0	0.0129787017281	0.0	0.00744982360195	0.0128440000266	0.0	0.0166426537003	0.00653823646156	0.0	0.0141980742096	0.0	0.016251370715	0.0	0.0121823198646	0.00495661091584	0.0095799654573	0.0	0.00690963106871	0.00695335476954	0.00712485962168	0.010285764657	0.00870694518313	0.0078051423076	0.0042126929602	0.0	0.0	0.0131688626867	0.010210577805	0.00633934275613	0.0102621748674	0.00600290645999	0.0	0.0	0.0	0.00945919364685	0.0	0.00509238242922	0.0102612578034	0.0	0.0	0.0113730059185	0.0	0.00858159179908	0.00907399519659	0.0124919284716	0.00936641169931	0.0072805643286	0.0	0.0	0.0	0.0	0.00300815713172	0.0	0.0	0.006801180017	0.00993365076174	0.00714268890846	0.00568844804883	0.0155110043181	0.015896118966	0.0	0.0290574196651	0.0172344644926	0.0	0.0247414178315	0.00504580530973	0.0169264911976	0.0	0.0257437317898	0.0	0.02040415916
k__Bacteria;p__Proteobacteria;c__Gammaproteobacteria;o__Pseudomonadales;f__Moraxellaceae	0.0366732802745	0.0	0.0	0.0	0.0	0.0	0.0	0.0	0.0	0.0	0.0	0.0	0.0	0.0	0.0	0.0	0.0	0.00211002052062	0.0	0.00375047150015	0.0	0.0	0.0	0.0	0.00261918731224	0.0	0.0	0.0	0.0	0.0	0.0	0.0	0.0	0.0	0.0	0.0	0.0	0.0	0.0	0.0	0.0	0.0	0.0	0.0	0.0	0.0	0.0	0.0	0.0	0.0	0.0	0.0	0.0	0.0	0.00477386673481	0.0	0.0	0.0	0.0	0.0	0.0	0.0	0.0	0.0	0.0	0.0	0.0	0.0	0.0	0.0	0.0	0.0	0.0	0.0	0.0	0.0	0.0	0.0	0.0	0.0	0.0	0.0	0.0	0.0	0.0	0.0372007696496	0.0	0.0	0.0	0.0	0.00497738415264	0.0	0.0	0.0	0.0	0.0	0.0	0.0	0.046883413934	0.0	0.0	0.0	0.0	0.0	0.0	0.0	0.0	0.0	0.0
k__Bacteria;p__Proteobacteria;c__Gammaproteobacteria;o__Pseudomonadales;f__Pseudomonadaceae	0.0301436547607	0.0	0.0	0.0	0.0	0.0	0.0	0.0	0.0	0.0	0.0	0.0	0.0	0.0	0.0	0.0	0.0	0.0	0.0	0.0	0.0	0.0	0.0	0.0	0.0	0.0	0.0	0.0	0.0	0.0	0.0	0.0	0.0	0.0	0.0	0.0	0.0	0.0	0.00781356752857	0.0	0.0	0.0	0.0	0.0	0.0	0.0	0.0	0.0	0.0	0.0	0.0	0.0	0.0	0.0	0.0	0.0	0.0	0.0	0.0	0.0	0.0	0.0	0.0	0.0	0.0	0.0	0.0	0.0	0.0	0.0	0.0	0.0	0.0	0.0	0.0	0.0	0.0	0.0	0.0	0.00332545788351	0.0	0.0	0.0	0.0	0.0	0.0	0.0	0.0	0.0	0.0	0.0	0.0	0.0	0.0	0.0	0.0	0.0	0.0	0.0236842385165	0.0	0.0	0.0	0.0	0.0	0.0	0.0240236791761	0.0	0.0	0.0
k__Bacteria;p__Proteobacteria;c__Gammaproteobacteria;o__Vibrionales;f__Vibrionaceae	0.0	0.0	0.0	0.0	0.0	0.0	0.0	0.0	0.0	0.0	0.0	0.0	0.0	0.0	0.0	0.0	0.0	0.0	0.0	0.0	0.0	0.00578990659274	0.0	0.0	0.0	0.0	0.0	0.0	0.0	0.0	0.0	0.0	0.0	0.0	0.0	0.0	0.0	0.0	0.0	0.0	0.0	0.0	0.0	0.0	0.0	0.0	0.0	0.0	0.0	0.0	0.0	0.0	0.0	0.0	0.0	0.0	0.0	0.0	0.0	0.0	0.0	0.00373458417875	0.0	0.0	0.0	0.0	0.0	0.0	0.0	0.0	0.0	0.0	0.0	0.0	0.0	0.0	0.0	0.0	0.0	0.0	0.0	0.0	0.0	0.0	0.0	0.0	0.0	0.0	0.0	0.0	0.0	0.0	0.0	0.0	0.0	0.0	0.0	0.0	0.0	0.0	0.0	0.0	0.0	0.0	0.0	0.0	0.0	0.0	0.0
k__Bacteria;p__Proteobacteria;c__Gammaproteobacteria;o__Xanthomonadales;f__Sinobacteraceae	0.0	0.0	0.0	0.0	0.0	0.0	0.0	0.0	0.0	0.0	0.0	0.0	0.0	0.0	0.0	0.0	0.0	0.0	0.0	0.0	0.0	0.0	0.0	0.0	0.0	0.0	0.0	0.0	0.0	0.0	0.0	0.0	0.0	0.0	0.0	0.0	0.0	0.0	0.0	0.0	0.0	0.0	0.0	0.0	0.0	0.0	0.0	0.0	0.0	0.0	0.0	0.0	0.0	0.0	0.0	0.0	0.0	0.0	0.0	0.0	0.0	0.0	0.0	0.0	0.0	0.0	0.0	0.0	0.0	0.0	0.0	0.0	0.0	0.0	0.0	0.0	0.0	0.0	0.0	0.0	0.0	0.0	0.0	0.0	0.0	0.0	0.0	0.00197654524735	0.0	0.0	0.0	0.0	0.0	0.0	0.0	0.0	0.0	0.0	0.0	0.0	0.0	0.0	0.0	0.0	0.0	0.0	0.0	0.0	0.0
k__Bacteria;p__Proteobacteria;c__Gammaproteobacteria;o__Xanthomonadales;f__Xanthomonadaceae	0.0352485801739	0.0	0.0	0.0	0.0	0.0	0.0	0.0	0.0	0.0	0.0	0.0	0.0	0.0	0.0	0.0	0.0	0.0	0.0	0.0	0.0	0.0	0.0	0.00352863879574	0.0	0.0	0.0	0.0	0.0	0.0	0.0	0.0	0.0	0.0	0.0	0.0	0.0	0.0	0.0	0.0	0.0	0.0	0.0	0.0	0.0	0.0	0.0	0.0	0.0	0.0	0.0	0.0	0.0	0.0	0.0	0.0	0.0	0.0	0.0	0.0	0.0	0.0	0.0	0.0	0.0	0.0	0.0	0.0	0.0	0.0	0.0	0.0	0.0	0.00458650900468	0.0	0.0	0.0	0.0	0.0	0.0	0.0	0.0	0.0	0.0	0.0	0.0	0.0	0.0	0.0	0.0	0.0	0.0	0.0	0.0	0.00566361963011	0.0	0.0	0.0	0.0274465076323	0.0	0.0	0.0304609945951	0.0	0.0	0.0	0.0	0.0	0.0	0.0
k__Bacteria;p__Synergistetes;c__Synergistia;o__Synergistales;f__Anaerobaculaceae	0.0	0.0	0.0	0.0	0.0	0.0	0.00473362025732	0.0	0.0	0.0	0.0	0.0	0.0	0.0	0.0	0.0	0.0	0.0	0.0	0.0	0.0	0.0	0.0	0.0	0.0	0.0	0.0	0.0	0.0	0.0	0.0	0.0	0.0	0.0	0.0	0.0	0.0	0.0	0.00638799526149	0.0	0.0	0.0	0.0	0.0	0.0	0.0	0.0	0.0	0.0	0.0	0.0	0.0	0.0	0.0	0.0	0.0	0.0	0.0	0.0	0.0	0.0	0.0	0.0	0.0	0.0	0.0	0.0	0.0	0.0	0.0	0.0	0.0	0.0	0.0	0.0	0.0	0.0	0.0	0.0	0.0	0.0	0.00628096299548	0.0	0.0	0.0	0.0	0.0	0.0	0.0	0.00300815713172	0.0	0.0	0.0	0.0	0.0	0.0	0.0	0.0	0.0	0.0	0.0	0.0	0.0	0.0	0.0	0.0	0.0	0.0	0.0
k__Bacteria;p__Synergistetes;c__Synergistia;o__Synergistales;f__Dethiosulfovibrionaceae	0.0	0.0	0.0	0.0	0.0	0.00115598790019	0.0	0.0	0.0	0.0	0.0	0.0	0.0	0.0	0.0	0.0149732709994	0.0	0.0	0.0	0.0	0.0	0.0	0.0	0.0	0.0	0.0	0.0	0.0	0.0	0.0	0.0	0.0	0.0	0.0	0.0	0.0	0.0	0.0	0.0	0.0	0.0	0.0	0.0	0.0	0.0	0.0	0.0	0.0	0.0	0.0	0.0	0.0	0.0	0.0	0.0	0.0	0.0	0.0	0.0	0.0	0.0	0.0	0.0	0.0	0.0	0.0	0.0	0.0	0.0	0.0	0.0	0.0	0.0	0.00400347675722	0.0	0.0	0.0	0.0	0.0	0.0	0.0	0.0	0.0	0.0	0.0	0.0	0.0	0.0	0.0	0.0	0.0	0.0	0.0	0.0	0.0	0.0	0.0	0.0	0.0	0.0	0.0	0.0	0.0	0.0	0.0	0.0	0.0	0.0	0.0
k__Bacteria;p__Synergistetes;c__Synergistia;o__Synergistales;f__Synergistaceae	0.0	0.0	0.0	0.0	0.0	0.0	0.0	0.0	0.0	0.0	0.0	0.0	0.0	0.0	0.0	0.0	0.0	0.0	0.0	0.0	0.0	0.0	0.0	0.0	0.0	0.0	0.0	0.0	0.0	0.0	0.0	0.0	0.0	0.0	0.0	0.0	0.0	0.0	0.0	0.0	0.0	0.0	0.0	0.0	0.0	0.0	0.0	0.0	0.0	0.0	0.0	0.0	0.0	0.0	0.0	0.0	0.00277425303039	0.0	0.0	0.0	0.0	0.0	0.0	0.0	0.0	0.0	0.0	0.0	0.0	0.0	0.0	0.0	0.0	0.0	0.0	0.0	0.0	0.0	0.0	0.0	0.0	0.0	0.0	0.0	0.0	0.0	0.0	0.0	0.0	0.0	0.0	0.0	0.0	0.0	0.0	0.0	0.0	0.0	0.0	0.0	0.0	0.0	0.0	0.0	0.0	0.0	0.0	0.0	0.0
k__Bacteria;p__TM6;c__SJA-4;o__;f__	0.0	0.0	0.0	0.0	0.0	0.0	0.0	0.0	0.0	0.0	0.0	0.0	0.0	0.0	0.0	0.0	0.0	0.0	0.0	0.0	0.0	0.0	0.0	0.0	0.0	0.0	0.0	0.0	0.0	0.0	0.0	0.0	0.0	0.0	0.0	0.0	0.0	0.0	0.0	0.0	0.0	0.0	0.0	0.0	0.0	0.0	0.0	0.0	0.0	0.0	0.0	0.0	0.0	0.0	0.0	0.0	0.0	0.0	0.0	0.0	0.0	0.0	0.0	0.0	0.0	0.0	0.0	0.0	0.0	0.0	0.0	0.0	0.0	0.0	0.0	0.0	0.0	0.0	0.0	0.0	0.0	0.0	0.0	0.0	0.00202522518785	0.0	0.0	0.0	0.0	0.0	0.0	0.0	0.0	0.0	0.0	0.0	0.0	0.0	0.0	0.0	0.0	0.0	0.0	0.0	0.0	0.0	0.0	0.0	0.0
k__Bacteria;p__TM7;c__TM7-3;o__I025;f__Rs-045	0.0	0.0	0.0	0.0	0.0	0.0	0.0	0.0	0.0	0.0	0.0	0.0	0.0	0.0	0.0	0.0	0.0	0.0	0.0	0.0	0.0	0.0	0.0	0.0	0.0	0.0	0.0	0.0	0.0	0.0	0.0	0.0	0.0	0.0	0.0	0.0	0.0	0.0	0.0	0.0	0.0	0.0	0.0	0.0	0.0	0.0	0.0	0.0	0.0	0.0	0.0	0.0	0.0	0.0	0.0	0.0	0.0	0.0	0.0	0.0	0.0	0.0	0.0	0.00187258172904	0.0	0.0	0.0	0.0	0.0	0.0	0.0	0.0	0.0	0.0	0.0	0.0	0.0	0.0	0.0	0.0	0.0	0.0	0.0	0.0	0.0	0.0	0.0	0.0	0.0	0.0	0.0	0.0	0.0	0.0	0.0	0.0	0.0	0.0	0.0	0.0	0.0	0.0	0.0	0.0	0.0	0.0	0.0	0.0	0.0
k__Bacteria;p__Tenericutes;c__Mollicutes;o__RF39;f__	0.0	0.0	0.0	0.0	0.0137838868582	0.0	0.0	0.0	0.0	0.0123083047325	0.0	0.0	0.0	0.0	0.0	0.0	0.0	0.0	0.010771473135	0.0	0.0	0.0	0.0	0.0	0.0	0.0	0.0	0.0	0.00936366814723	0.0230088927098	0.0	0.0	0.0	0.0	0.0	0.0	0.0234703936242	0.0	0.0	0.0	0.0	0.0	0.0	0.00686945516863	0.0	0.0	0.0	0.0	0.0	0.0	0.0	0.0	0.00902049373149	0.0	0.0163562613742	0.0	0.0	0.0	0.0	0.0	0.0	0.00851567199319	0.0	0.0	0.0	0.0	0.0	0.0	0.0	0.00587184746042	0.0	0.0	0.0	0.0	0.0	0.0	0.0	0.0	0.0	0.0135216283544	0.0	0.0	0.0	0.0	0.0	0.0198902259894	0.0	0.0	0.0	0.0	0.0	0.0	0.0	0.0	0.0	0.0	0.0	0.0	0.0	0.0	0.0	0.0	0.0	0.0	0.0	0.0	0.0	0.0	0.0
k__Bacteria;p__Tenericutes;c__RF3;o__ML615J-28;f__	0.0	0.0	0.0	0.0	0.00478280388185	0.0063870267893	0.0	0.0	0.0	0.0	0.0	0.0116678537566	0.0	0.0	0.0	0.0	0.0	0.0	0.0	0.00687112788577	0.0	0.0	0.0	0.0	0.0	0.0	0.0	0.0	0.00488982946155	0.0	0.0	0.0	0.00782041559863	0.0	0.0	0.0	0.0	0.0	0.0	0.0	0.0	0.0	0.0	0.0	0.0	0.0	0.0	0.0	0.0	0.0	0.0	0.0	0.0	0.0	0.0	0.0	0.0	0.0	0.0	0.0	0.0	0.0	0.0	0.0	0.0	0.0	0.0	0.0	0.0	0.0	0.0	0.0	0.0	0.0	0.0	0.0	0.0	0.0	0.0	0.0	0.0	0.0	0.0	0.0	0.0	0.0	0.0	0.00806384710238	0.0	0.0	0.00449621100533	0.0	0.0	0.0	0.0	0.0	0.0	0.0	0.0110753188467	0.0	0.0	0.0	0.0	0.0	0.0	0.0	0.0	0.0	0.0
k__Bacteria;p__Thermotogae;c__Thermotogae;o__Thermotogales;f__Thermotogaceae	0.0	0.0	0.0	0.0	0.0	0.0	0.0101359816586	0.0	0.0	0.0	0.0	0.0	0.0	0.0	0.0	0.0	0.0	0.0	0.0	0.0	0.0	0.0	0.0	0.0	0.0	0.00304787335387	0.0	0.0	0.0	0.0	0.0	0.0	0.0	0.0146624474633	0.0	0.0	0.0	0.0	0.0100029280784	0.0	0.0	0.0	0.0	0.0	0.0	0.0	0.0	0.0	0.0	0.0	0.0	0.0	0.0	0.0	0.0	0.0	0.0	0.0	0.0	0.0	0.0	0.0	0.0	0.0	0.0	0.0	0.0	0.0	0.0	0.0	0.0	0.0	0.0	0.00323738565414	0.0	0.0	0.0	0.0	0.0	0.0	0.0	0.00628096299548	0.0	0.0	0.0	0.0	0.0	0.0	0.0	0.00772202231222	0.00449621100533	0.0	0.0	0.0	0.0	0.0	0.0	0.0	0.0	0.0	0.0	0.0	0.0	0.00540394100295	0.0103115988479	0.0	0.0	0.0	0.0
k__Bacteria;p__Verrucomicrobia;c__Verruco-5;o__LD1-PB3;f__	0.0	0.0	0.0	0.0	0.0	0.0	0.0	0.0	0.0	0.0	0.0	0.0	0.0	0.0	0.0	0.0	0.0	0.0	0.0	0.0	0.0	0.0	0.0	0.0	0.0	0.00177009364156	0.0	0.0	0.0	0.0	0.0	0.0	0.0	0.0	0.0	0.0	0.0	0.0	0.0	0.0	0.0	0.0	0.0	0.0	0.0	0.0	0.0	0.0	0.0	0.0	0.0	0.0	0.0	0.0	0.0	0.0	0.0	0.0	0.0	0.0	0.0	0.0	0.0	0.0	0.0	0.0	0.0	0.0	0.0	0.0	0.0	0.0	0.0	0.0	0.0	0.0	0.0	0.0	0.0	0.0	0.0	0.0	0.0	0.0	0.0	0.0	0.0	0.0	0.0	0.0	0.0	0.0	0.0	0.0	0.0	0.0	0.0	0.0	0.0	0.0	0.0	0.0	0.0	0.00463348672566	0.0	0.0	0.0	0.0	0.0
k__Bacteria;p__Verrucomicrobia;c__Verruco-5;o__WCHB1-41;f__RFP12	0.0	0.0	0.0	0.0	0.0	0.0	0.0	0.0	0.0	0.0	0.0	0.0	0.0	0.0	0.0	0.0	0.0	0.0	0.0	0.0	0.0	0.0	0.0	0.0	0.0	0.0	0.0	0.0	0.0	0.0	0.0	0.0	0.0	0.0	0.0	0.0	0.0	0.0	0.0	0.0	0.0	0.0	0.0	0.0	0.0	0.0	0.0	0.0	0.0	0.0	0.0	0.0	0.0	0.0	0.0	0.0	0.0	0.0	0.0	0.0	0.0	0.0	0.0	0.0	0.0	0.0	0.0	0.0	0.0	0.0	0.0	0.0	0.0	0.0	0.0	0.0	0.0	0.0	0.0	0.0	0.0	0.0	0.0	0.0	0.0	0.0	0.0	0.0	0.0	0.0	0.0	0.0	0.0	0.0	0.0	0.0	0.0	0.0	0.0	0.0	0.0	0.0	0.0	0.0	0.0	0.0	0.0	0.0	0.0
k__Bacteria;p__Verrucomicrobia;c__Verrucomicrobiae;o__Verrucomicrobiales;f__Verrucomicrobiaceae	0.0211077568172	0.0156448754448	0.0227543629048	0.00750681140676	0.00704354181972	0.00714061981657	0.00771931489999	0.0128017753377	0.0155080511859	0.0165991776075	0.00412880681982	0.0226555133648	0.0233219707248	0.0	0.0095900478124	0.0120026669978	0.0184964358497	0.0209472585028	0.0164013772425	0.0138055530517	0.0101144438749	0.0	0.0	0.0118326538731	0.00579510603114	0.0107221953747	0.00623596349208	0.0086336044514	0.00818319742848	0.0	0.0174949394033	0.00502997467305	0.0150910588706	0.0181230159737	0.0232035169272	0.0075526921389	0.0	0.012986134113	0.0270952505804	0.0222307542037	0.0156026697076	0.0160483152128	0.00730028652298	0.0	0.0082771312066	0.00992376711867	0.0	0.0129908751215	0.0180996207651	0.0	0.0	0.0175491601918	0.0	0.0186804732474	0.0154568858065	0.0145225516974	0.0149210445002	0.0	0.0211915785091	0.0135391501559	0.0133608539601	0.0109104213652	0.0227009566442	0.0116764234119	0.0	0.0	0.00764833136848	0.016684823751	0.0	0.0	0.0334722476968	0.00392053689967	0.0	0.0183875475064	0.0125466199393	0.00674938705914	0.0	0.0	0.0181671344077	0.0	0.0	0.0	0.0145764386435	0.0336646770453	0.0	0.0442960203635	0.0186590323128	0.00669320881813	0.0	0.0118809340565	0.0188549639847	0.0214551664264	0.010755850799	0.0	0.0	0.00792824567319	0.0110255459799	0.0289846424171	0.0241675701307	0.00748107572582	0.0118085760172	0.0253213075406	0.0	0.00727240117994	0.0172623141725	0.0	0.0	0.0	0.0
k__Bacteria;p__Verrucomicrobia;c__[Pedosphaerae];o__[Pedosphaerales];f__R4-41B	0.0	0.0	0.0	0.0	0.0	0.0	0.0	0.0	0.0	0.0	0.0	0.0	0.0	0.0	0.0	0.0	0.0	0.0	0.0	0.0	0.0	0.0	0.0	0.0	0.0	0.0	0.0	0.0	0.0	0.0	0.0	0.0	0.0	0.0	0.0	0.0	0.0	0.0	0.0	0.0	0.0	0.0	0.0	0.0	0.0	0.0	0.0	0.0	0.0	0.0	0.0	0.0	0.0	0.0	0.0	0.0	0.0	0.0	0.0	0.0	0.0	0.0	0.0	0.0	0.0	0.0	0.0	0.0	0.0	0.0	0.0	0.0	0.0	0.0	0.0	0.0	0.0	0.0	0.0	0.0	0.0	0.0	0.0	0.0	0.0	0.0	0.0	0.0	0.0	0.00484504580795	0.0	0.0	0.0	0.0	0.0	0.0	0.0	0.0	0.0	0.0	0.0	0.0	0.0	0.00355473746313	0.0	0.0	0.0	0.0	0.0
k__Bacteria;p__Verrucomicrobia;c__[Spartobacteria];o__[Chthoniobacterales];f__[Chthoniobacteraceae]	0.0	0.0	0.0	0.0	0.0	0.0	0.0	0.0	0.0	0.0	0.0	0.0	0.0	0.0	0.0	0.0	0.0	0.0	0.0	0.0	0.0	0.0	0.0	0.0	0.0	0.0	0.0	0.0	0.0	0.0	0.0	0.0	0.0	0.0	0.0	0.0	0.0	0.0	0.0	0.0	0.0	0.0	0.0	0.0	0.0	0.0	0.0	0.0	0.0	0.0	0.0	0.0	0.0	0.0	0.0	0.0	0.0	0.0	0.0	0.0	0.0	0.0	0.0	0.0	0.0	0.0	0.0	0.0	0.0	0.0	0.0	0.0	0.0	0.0	0.0	0.0	0.0	0.0	0.0	0.0	0.0	0.0	0.0	0.0	0.0	0.0224173252807	0.0	0.0	0.0	0.0	0.0	0.0	0.0	0.0	0.0	0.0	0.0	0.0	0.0	0.0	0.0	0.0	0.0	0.0	0.0	0.0	0.0	0.0	0.0
k__Bacteria;p__WWE1;c__[Cloacamonae];o__[Cloacamonales];f__[Cloacamonaceae]	0.0	0.0	0.0	0.0	0.0	0.0	0.00886564944424	0.0	0.0	0.0	0.0	0.0	0.0	0.0	0.0	0.0	0.0	0.0	0.0	0.0	0.0	0.0	0.0	0.0	0.0	0.00304787335387	0.0	0.0	0.0	0.0	0.0	0.0	0.0	0.00980248071087	0.0	0.0	0.0	0.0	0.0	0.0	0.0	0.0	0.0	0.0	0.0	0.0	0.0	0.0	0.0102084097369	0.0	0.0	0.0	0.0	0.00581068191181	0.0	0.0	0.0	0.0	0.0	0.0	0.0	0.0	0.0	0.0	0.0	0.0	0.0	0.0	0.0	0.0	0.00722619565318	0.0	0.0	0.00545195547178	0.0	0.0	0.0	0.0	0.0	0.0	0.0	0.0	0.0	0.0	0.0	0.0	0.0	0.0	0.0	0.00436423011997	0.0	0.0068896391365	0.0	0.0	0.0	0.0	0.0	0.0	0.0	0.0	0.0	0.0	0.0	0.00540394100295	0.0	0.0	0.0	0.0	0.0
k__Bacteria;p__[Thermi];c__Deinococci;o__Deinococcales;f__Deinococcaceae	0.0	0.0	0.0	0.0	0.0	0.0	0.0	0.0	0.0	0.0	0.0	0.0	0.0	0.0	0.0	0.0	0.0	0.0	0.0	0.0	0.0	0.0	0.0	0.0	0.0	0.0	0.0	0.0	0.0	0.0	0.0	0.0	0.0	0.0	0.0	0.0	0.0	0.0	0.0	0.0	0.0	0.0	0.0	0.0	0.0	0.0	0.0	0.0	0.0	0.0	0.0	0.0	0.0	0.0	0.0	0.0	0.0	0.0	0.0	0.0	0.0	0.0	0.0	0.0	0.0	0.0	0.0	0.0	0.0	0.0	0.0	0.0	0.0	0.0	0.0	0.0	0.0	0.0	0.0	0.0	0.0	0.0	0.0	0.0	0.0	0.0	0.0	0.0	0.0	0.0	0.0	0.0	0.0	0.0	0.0	0.0	0.0	0.0	0.0	0.0	0.0	0.0	0.0	0.0	0.0	0.0	0.0	0.0	0.0