# Constructed from biom file
#OTU ID	175	133	43	180	232	233	61	178	229	103	137	163	164	165	169.1	170	170.7	171.7	172	174.1	194.3	195.3	208	220	231	36	375	376	380	385	389	409	44	45.1	56	63	64	202	211	62	156	172.1	179	180.1	181.1	205	207	216	221	26	27	364	366	382	39	392	394	408	52	66	173	134	171	188	228	386.3	365	406	234	86.2	60	55	161	162	226	34	235	58	74	57	176	388	407	51	88.2	206	230	210	155	185	217	29	37	38	381	393	59	395	387.3	383	138	181	76	167	209	30	33	65	236	117	237	168.1	367	384
Unassigned;Other;Other;Other	0.0	0.000130861504907	0.0	0.0	9.68509602081e-05	0.00099182851729	0.0	7.57384498864e-05	0.0	0.0	0.0	0.0	0.0	0.0	0.0	0.0	0.0	2.47708694575e-05	0.0	0.000117947709849	0.0	0.0	0.0	0.0	0.0	0.0	0.000114951337267	0.0	0.000589761736259	0.0	0.0	0.0	0.0	0.0	0.0	0.0	0.0	0.0	0.000107083578733	0.000127820029399	0.0	0.0	0.0	0.0	0.00027138883235	0.0	0.0	0.0	0.0	0.000635683006074	0.0	0.0	0.0	0.0	0.0	0.0	0.0	0.0	0.0	0.0	0.00715800636267	0.0	0.0	0.0	0.0	0.0	0.0	0.0	0.000125914629881	0.0	0.0	0.0	0.0	0.0	0.0	0.0	0.0	0.0	0.0	0.0	0.0	0.000377949354786	0.0	0.0	0.0	0.0	0.0	0.0	0.0	0.0	0.0	0.0	0.0	0.0	0.0	0.0	0.0	0.0	0.0	0.0	0.00016431153467	0.0	0.0	0.0	0.0	0.0	0.0	0.0	0.0	0.0	0.0	0.0	0.0	0.0
k__Archaea;p__Euryarchaeota;c__Methanobacteria;o__Methanobacteriales	0.0	0.0	0.0	0.0	0.0	0.0	0.0	0.0	0.000571843654854	0.0	0.0	0.0	0.0	0.0	0.0	0.0	0.0	0.0	0.0	0.0	0.0	0.0	0.0	0.0	0.0	0.0	0.0	0.0	0.0	0.0	0.0	0.0	0.0	0.0	0.0	0.0	0.0	0.0	0.0	0.0	0.0	0.00106571936057	0.0	0.0	0.0	0.0	0.0	0.0	0.0	0.0	0.0	0.0	0.0	0.0	0.0	0.0	0.0	0.0	0.0	0.0	0.0	0.0	0.0	0.0	0.0	0.0	0.0	0.0	0.0	0.0	0.0	0.0	0.0	0.0	0.0	0.0	0.0	0.0	0.0	0.0	0.0	0.0	0.0	0.0	0.0	0.0	0.0	0.0	0.0	0.0	0.0	0.0	0.0	0.0	0.0	0.0	0.0	0.0	0.0	0.0	0.0	0.0	0.0	0.0	0.0	0.0	0.0	0.0	0.0	0.0	0.0	0.0	0.0	0.0
k__Bacteria;p__Acidobacteria;c__Acidobacteriia;o__Acidobacteriales	0.0	0.0	0.0	0.0	0.0	0.0	0.0	0.0	0.0	0.0	0.0	0.0	0.0	0.0	0.0	0.0	0.0	0.0	0.0	0.0	0.0	0.0	0.0	0.0	0.0	0.0	0.0	0.0	0.0	0.0	0.0	0.0	0.0	0.0	0.0	0.0	0.0	0.0	0.0120469026075	0.0	0.0	0.0	0.0	0.0	0.0	0.0	0.0	0.0	0.0	0.0	0.0	0.0	0.0	0.0	0.0	0.0	0.0	0.0	0.0	0.0	0.0	0.0	0.0	0.0	0.0	0.0	0.0	0.0	0.0	0.0	0.0	0.0	0.0	0.0	0.0	0.0	0.0	0.0	0.0	0.0	0.0	0.0	0.0	0.0	0.0	0.0	0.0	0.0	0.0	0.0	0.0	0.0	0.0	0.0	0.0	0.0	0.0	0.0	0.0	0.0	0.0	0.0	0.0	0.0	0.0	0.0	0.0	0.0	0.0	0.0	0.0	0.0	0.0	0.0
k__Bacteria;p__Acidobacteria;c__DA052;o__Ellin6513	0.0	0.0	0.0	0.0	0.0	0.0	0.0	0.0	0.0	0.0	0.0	0.0	0.0	0.0	0.0	0.0	0.0	0.0	0.0	0.0	0.0	0.0	0.0	0.0	0.0	0.0	0.0	0.0	0.0	0.0	0.0	0.0	0.0	0.0	0.0	0.0	0.0	0.0	0.0	0.0	0.0	0.0	0.0	0.0	0.0	0.0	0.0	0.0	0.0	0.0	0.0	0.0	0.0	0.0	0.0	0.0	0.0	0.0	0.0	0.0	0.0	0.0	0.0	0.0	0.0	0.0	0.0	0.0	0.0	0.0	0.0	0.0	0.0	0.0	0.0	0.0	0.0	0.0	0.0	0.0	0.0	0.0	0.0	0.0	0.0	0.0	0.0	0.0231839992399	0.0	0.0	0.0	0.0	0.0	0.0	0.0	0.0	0.0	0.0	0.0	0.0	0.0	0.0	0.0	0.0	0.0	0.0	0.0	0.0	0.0	0.0	0.0	0.0	0.0	0.0
k__Bacteria;p__Acidobacteria;c__RB25;o__	0.0	0.0	0.0	0.0	0.0	0.0	0.0	0.0	0.0	0.0	0.0	0.0	0.0	0.0	0.0	0.0	0.0	0.0	0.0	0.0	0.0	0.0	0.0	0.0	0.0	0.0	0.0	0.0	0.0	0.0	0.0	0.0	0.0	0.0	0.0	0.0	0.0	0.0	0.0	0.0	0.0	0.0	0.0	0.0	0.0	0.0	0.0	0.0	0.0	0.0	0.0	0.0	0.0	0.0	0.0	0.0	0.0	0.0	0.0	0.0	0.0	0.0	0.0	0.0	0.0	0.0	0.0	0.0	0.0	0.0	0.0	0.0	0.0	0.0	0.0	0.0	0.0	0.0	0.0	0.0	0.0	0.0	0.0	0.0	0.0	0.0	0.0	0.00608104898095	0.0	0.0	0.0	0.0	0.0	0.0	0.0	0.0	0.0	0.0	0.0	0.0	0.0	0.0	0.0	0.0	0.0	0.0	0.0	0.0	0.0	0.0	0.0	0.0	0.0	0.0
k__Bacteria;p__Acidobacteria;c__[Chloracidobacteria];o__RB41	0.0	0.0	0.0	0.0	0.0	0.0	0.0	0.0	0.0	0.0	0.0	0.0	0.0	0.0	0.0	0.0	0.0	0.0	0.0	0.0	0.0	0.0	0.0	0.0	0.0	0.0	0.0	0.0	0.0	0.0	0.0	0.0	0.0	0.0	0.0	0.0	0.0	0.0	0.0	0.0	0.0	0.0	0.0	0.0	0.0	0.0	0.0	0.0	0.0	0.0	0.0	0.0	0.0	0.0	0.0	0.0	0.0	0.0	0.0	0.0	0.00795334040297	0.0	0.0	0.0	0.0	0.0	0.0	0.0	0.0	0.0	0.0	0.0	0.0	0.0	0.0	0.0	0.0	0.0	0.0	0.0	0.0	0.0	0.0	0.0	0.0	0.0	0.0	0.0	0.0	0.0	0.0	0.0	0.0	0.0	0.0	0.0	0.0	0.0	0.0	0.0	0.0	0.0	0.0	0.0	0.0	0.0	0.0	0.0	0.0	0.0	0.0	0.0	0.0	0.0
k__Bacteria;p__Actinobacteria;c__Acidimicrobiia;o__Acidimicrobiales	0.0	0.0	0.0	0.0	0.0	0.0	0.0	0.0	0.0	0.0	0.0	0.0	0.0	0.0	0.0	0.0	0.0	0.0	0.0	0.0	0.0	0.0	0.0	0.0	0.0	0.0	0.0	0.0	0.0	0.0	0.0	0.0	0.0	0.0	0.0	0.0	0.0	0.0	0.0	0.0	0.0	0.0	0.0	0.0	0.0	0.0	0.0	0.0	0.0	0.000141262890239	0.0	0.0	0.0	0.0	0.0	0.0	0.0	0.0	0.0	0.0	0.0	0.0	0.0	0.0	0.0	0.0	0.0	0.0	0.0	0.0	0.0	0.0	0.0	0.0	0.0	0.0	0.0	0.0	0.0	0.0	0.0	0.0	0.0	0.0	0.0	0.0	0.0	0.0	0.0	0.0	0.0	0.0	0.0	0.0	0.0	0.0	0.0	0.0	0.0	0.0	0.0	0.0	0.0	0.0	0.0	0.0	0.0	0.0	0.0	0.0	0.0	0.0	0.0	0.0
k__Bacteria;p__Actinobacteria;c__Actinobacteria;o__Actinomycetales	0.0	0.0	0.0	0.0	0.00312690242958	0.00910409758408	0.0	5.04922999243e-05	6.18209356599e-05	0.0	0.00362393870367	0.0	0.000942126514132	0.0	0.0004504214658	0.000141502759304	0.0	0.0	0.00011778100585	0.000117947709849	0.0	0.0	0.0	0.000409977559123	0.00342018348624	0.00387928862915	0.000114951337267	0.0	0.000235904694503	0.0	0.0	0.0	0.0	0.0	0.0	0.00167434072834	0.0	0.0	0.0367296675055	0.000127820029399	0.0	0.0	3.93043136484e-05	0.0	0.0	0.0	0.0	0.0	0.0001903339629	0.0	0.0	0.000251973794725	0.0	0.0	0.0	0.0	0.000257241343829	0.0	0.0	0.0	0.067868504772	0.000208528829111	0.000606882764529	3.95324627407e-05	0.0211971652746	0.00880995664942	0.0	0.00158612143742	0.0	0.000295344630265	0.0	0.0	0.0	0.0	0.0	0.0125941136208	9.3739537998e-05	0.0	0.0	0.0	0.0	0.000971869769451	0.0	0.000927701156534	0.0	0.000173350283139	0.000399252599134	0.0090265570811	0.0	0.000103637682661	0.0	0.000328364090103	0.0	0.000236504464022	0.0	0.0	0.0	0.0	0.000259078543979	0.0	0.000575090371344	0.0	0.0	0.00124571784491	0.0	0.0	0.0	0.0	0.0	9.31272117713e-05	0.000101139078876	0.0	0.0	0.0
k__Bacteria;p__Actinobacteria;c__Actinobacteria;o__Bifidobacteriales	0.00391218299811	0.00370774263904	0.017199017199	0.0	0.000705628424373	0.000547726196116	0.0118908261968	0.000997222923504	0.00457474923883	0.0	0.000207082211638	0.00570157140871	0.0203230148048	0.00497512437811	0.030306930056	0.116739776426	0.000942870612437	0.00174634629676	0.0	0.119363082367	0.00483636192891	0.0254702547025	0.0116048251641	0.00345244260314	0.0736733944954	0.00261977933397	0.0	0.00960747825334	0.0249469214437	0.0352721849366	0.0	0.0	0.011320754717	0.048719772404	0.0	0.0039765592298	0.00440528634361	0.010168875976	0.0123146115543	0.0	0.021629186679	0.00170515097691	0.010730077626	0.0240773768693	0.0	0.0	0.00313237916245	0.00492794049279	0.000497796518353	0.00713377595706	0.0434013225296	0.00613136233832	0.00176663219579	0.00847601288354	0.0476577508497	0.000531102701985	0.00879765395894	0.0532852047613	0.0	0.0160660855991	0.00424178154825	0.0145448858305	0.129694416679	0.0069972459051	0.0	0.00111872465389	0.0206065584993	0.0	0.0035396001511	0.0258057370694	0.0235416306041	0.0	0.0129994913243	0.00811148086522	0.0	0.0418206707734	0.0134449280214	0.0	0.0134511142341	0.0	0.0184300534245	0.0	0.0	0.0	0.00326183104821	0.0	0.00721848699235	0.0	0.000922896216126	0.0	0.0384431328761	0.00781506534445	0.00973669775096	0.00839590847277	0.0	0.0221056575496	0.00736025462502	0.0	0.0871367502915	0.0	0.00115018074269	0.00296552576301	0.0140934192361	0.0	0.0	0.0182648401826	0.0757975329647	0.0	0.00174117043309	0.0	0.0239826040784	0.0	0.0	0.0
k__Bacteria;p__Actinobacteria;c__Actinobacteria;o__Micrococcales	0.0	0.0	0.0	0.0	0.0	0.0	0.0	0.0	0.0	0.0	0.0	0.0	0.0	0.0	0.0	0.0	0.0	0.0	0.0	0.0	0.0	0.0	0.0	0.0	0.0	0.0	0.0	0.0	0.0	0.0	0.0	0.0	0.0	0.0	0.0	0.0	0.0	0.0	0.0	0.0	0.0	0.0	0.0	0.0	0.0	0.0	0.0	0.0	0.0	0.0	0.0	0.0	0.0	0.0	0.0	0.0	0.0	0.0	0.0	0.0	0.00185577942736	0.0	0.0	0.0	0.0	0.0	0.0	0.0	0.0	0.0	0.0	0.0	0.0	0.0	0.0	0.0	0.0	0.0	0.0	0.0	0.0	0.0	0.0	0.0	0.0	0.0	0.0	0.0	0.0	0.0	0.0	0.0	0.0	0.0	0.0	0.0	0.0	0.0	0.0	0.0	0.0	0.0	0.0	0.0	0.0	0.0	0.0	0.0	0.0	0.0	0.0	0.0	0.0	0.0
k__Bacteria;p__Actinobacteria;c__Coriobacteriia;o__Coriobacteriales	0.0	0.000697928026172	0.000273000273	0.000390701308849	0.00170180972937	0.000296068214117	0.00104737847329	0.000214592274678	9.27314034898e-05	0.00452391210685	0.0	0.000556250869142	0.00444145356662	0.00185120907092	0.000321729618429	0.00278288759964	0.0	0.000111468912559	0.000314082682266	0.00617259681541	0.00352162276377	0.0523355233552	0.0	0.000215777662696	0.0161174311927	0.00115874855156	0.000842976473293	0.000432769290691	0.00713611700873	0.00290827740492	0.0	0.000538406317301	0.00231711353856	0.000213371266003	0.000538575467887	0.00580786940142	0.00467227339474	0.0	0.0	0.0	0.00458029835555	0.000213143872114	7.86086272968e-05	0.000411579091782	0.00230680507497	0.00121457489879	0.000674666281143	0.000557880055788	0.000307462555453	0.000353157225597	0.000186271770513	0.00671930119268	0.00228369527749	0.00310787139063	0.00206886360278	0.000199163513244	0.000617379225189	0.000386747453913	0.000160987389321	0.000845583452582	0.0	0.00224168491294	0.00406968442096	0.000672051866591	0.000569476082005	0.00279681163474	0.000136920654481	0.00138785625774	0.000447696461799	0.00221508472699	0.00718365933876	0.00519281518686	0.0	0.000363976705491	0.00212028542304	0.00924024640657	0.00058921995313	0.000794386336555	0.0	0.000244917952486	0.000876275546259	0.0037255007829	0.000377033286653	0.00340157090729	0.000221141088014	0.000635617704842	0.000335372183273	0.0	0.00138434432419	0.000241821259543	0.0	0.000985092270309	0.000342841470104	0.000354756696033	0.000800996796013	0.00168602472836	0.00377959021285	0.000415301555074	0.000345438058638	0.0	0.0	0.000803163227481	0.00448688449149	0.0	0.000222841225627	0.00493445279128	0.00331773713313	0.0	0.00018328109822	0.00623952318868	0.000303417236628	0.0	0.0	0.0
k__Bacteria;p__Actinobacteria;c__Thermoleophilia;o__Solirubrobacterales	0.0	0.0	0.0	0.0	0.0	0.0	0.0	0.0	0.0	0.0	0.0	0.0	0.0	0.0	0.0	0.0	0.0	0.0	0.0	0.0	0.0	0.0	0.0	0.0	0.0	0.0	0.0	0.0	0.0	0.0	0.0	0.0	0.0	0.0	0.0	0.0	0.0	0.0	0.0135460727097	0.0	0.0	0.0	0.0	0.0	0.0	0.0	0.0	0.0	0.0	0.0	0.0	0.0	0.0	0.0	0.0	0.0	0.0	0.0	0.0	0.0	0.0	0.0	0.0	0.0	0.0	0.0	0.0	0.0	0.0	0.0	0.0	0.0	0.0	0.0	0.0	0.0	0.0	0.0	0.0	0.0	0.0	0.0	0.0	0.0	0.0	0.0	0.0	0.0	0.0	0.0	0.0	0.0	0.0	0.0	0.0	0.0	0.0	0.0	0.0	0.0	0.0	0.0	0.0	0.0	0.0	0.0	0.0	0.0	0.0	0.0	0.0	0.0	0.0	0.0
k__Bacteria;p__Armatimonadetes;c__SJA-176;o__RB046	0.0	0.0	0.0	0.0	0.0	0.0	0.0	0.0	0.0	0.0	0.0	0.0	0.0	0.0	0.0	0.0	0.0	0.0	0.0	0.0	0.0	0.0	0.0	0.0	0.0	0.0	0.0	0.0	0.0	0.0	0.0	0.0	0.0	0.0	0.0	0.0	0.0	0.0	0.0	0.0	0.0	0.0	0.0	0.0	0.0	0.0	0.0	0.0	0.0	0.0	0.0	0.0	0.0	0.0	0.0	0.0	0.0	0.0	0.0	0.0	0.0	0.0	0.0	0.0	0.0	0.0	0.0	0.0	0.0	0.0	0.0	0.0	0.0	0.0	0.0	0.0	0.0	0.0	0.0	0.0	0.0	0.0	0.0	0.0	0.0	0.0	0.0	0.0	0.0	0.0	0.0	0.0	0.0	0.000118252232011	0.0	0.0	0.0	0.0	0.0	0.0	0.0	0.0	0.0	0.0	0.0	0.0	0.0	0.0	0.0	0.0	0.0	0.0	0.0	0.0
k__Bacteria;p__Bacteroidetes;c__Bacteroidia;o__Bacteroidales	0.0303769503383	0.433413304253	0.631904631905	0.32867747607	0.104640544579	0.342092018001	0.320990696815	0.46637212825	0.630681730368	0.388248599741	0.484261751916	0.502155472118	0.294751009421	0.518107138725	0.250434334985	0.308853355974	0.55435077644	0.575551151845	0.602292803581	0.352860231964	0.552190449359	0.0969759697597	0.395174835853	0.074184360435	0.0320440366972	0.320721446924	0.601042225458	0.537456182109	0.434477471102	0.568158090977	0.678836182886	0.592561019383	0.479443892751	0.302773826458	0.560791705938	0.537306404353	0.0828327326125	0.486108589068	0.0724955828024	0.210072218317	0.376284232959	0.573996447602	0.613717205463	0.414871724516	0.614627858064	0.455870445344	0.736253674522	0.1019990702	0.530343626008	0.454230823563	0.347396852007	0.663447001512	0.514133057566	0.657964626773	0.416728239988	0.465644293965	0.439059525647	0.649993554209	0.484303729541	0.451834265643	0.0	0.37686372641	0.392224760817	0.587715946078	0.379650721336	0.47233487158	0.58670500445	0.617992565056	0.546889209116	0.379517849891	0.737839709192	0.155954711841	0.540326682869	0.617408485857	0.565953109072	0.494934976044	0.572199531302	0.503243744208	0.524693836579	0.739162380602	0.605478135512	0.640570163598	0.665086717656	0.456800049477	0.612947810703	0.754073731654	0.50189245732	0.21345432087	0.395544928266	0.630220748264	0.363215823895	0.315360872135	0.522010422381	0.499379175782	0.558294766821	0.540589484201	0.611000596777	0.597434359282	0.270521179671	0.558029816947	0.157574761748	0.132583714321	0.487459733088	0.0764559327312	0.433983286908	0.3109441744	0.316886431306	0.0310635123615	0.20181081725	0.723132799404	0.614369334631	0.0	0.0	0.0
k__Bacteria;p__Bacteroidetes;c__Cytophagia;o__Cytophagales	0.0	0.0	0.0	0.0	0.0	0.0	0.0	0.0	0.0	0.0	0.0	0.0	0.0	0.0	0.0	0.0	0.0	0.0	0.0	0.0	0.0	0.0	0.0	0.0	0.0	0.0	0.0	0.0	0.0	0.0	0.0	0.0	0.0	0.0	0.0	0.0	0.0	0.0	0.0150987846014	0.0	0.0	0.0	0.0	0.0	0.0	0.0	0.0	0.0	0.0	0.0	0.0	0.0	0.0	0.0	0.0	0.0	0.0	0.0	0.0	0.0	0.00424178154825	0.0	0.0	0.0	0.0	0.0	0.0	0.0	0.0	0.0	0.0	0.0	0.0	0.0	0.0	0.0	0.0	0.0	0.0	0.0	0.0	0.0	0.0	0.0	0.0	0.0	0.0	0.0	0.0	0.0	0.0	0.0	0.0	0.0	0.0	0.0	0.0	0.0	0.0	0.0	0.0	0.0	0.0	0.0	0.0	0.0	0.0	0.0	0.0	0.0	0.0	0.0	0.0	0.0
k__Bacteria;p__Bacteroidetes;c__Flavobacteriia;o__Flavobacteriales	0.00782436599623	0.0	0.0	0.0	0.0	0.0	0.0	0.0	0.0	0.0	0.0	0.0	0.0	0.0	0.0	0.0	0.0	0.0	0.0	0.0	0.0	0.0	0.0	0.0	0.0	0.0	0.0	0.0	0.0	0.0	0.0	0.0	0.0	0.0	0.0	0.0	0.0	0.0	0.0	0.0	0.0	0.000142095914742	0.0	0.0	0.0	0.0	0.0	0.0	0.0	0.0	0.0	0.0	0.0	0.0	0.0	0.0	0.0	0.0	0.0	0.0	0.0164369034995	0.0	0.0	0.0	0.0	0.0	0.0	0.0	0.0	0.0	0.0	0.0	0.0	0.0	0.0	0.0	0.0	0.0	0.0	0.0	0.0	0.0	0.0	0.0	0.0	0.0	0.0	0.0	0.0	0.0	0.0	0.0	0.0	0.0	0.0	0.0	0.0	0.0	0.0	0.0	0.0	0.0	0.0	0.074120211772	0.0	0.0	0.0	0.0	0.0	0.0	0.0	0.0	0.0	0.0
k__Bacteria;p__Bacteroidetes;c__Sphingobacteriia;o__Sphingobacteriales	0.0158328347218	0.0	0.0	0.0	0.0	0.0	0.0	0.0	0.0	0.0	0.0	0.0	0.0	0.0	0.0	0.0	0.0	0.0	0.0	0.0	0.0	0.0	0.0	0.0	0.0	0.0	0.0	0.0	0.0	0.0	0.0	0.0	0.0	0.0	0.0	0.0	0.0	0.0	0.0	0.0	0.0	0.0	0.0	0.0	0.0	0.0	0.0	0.0	0.0	0.0	0.0	0.0	0.0	0.0	0.0	0.0	0.0	0.0	0.0	0.0	0.0	0.0	0.0	0.0	0.0	0.0	0.0	0.0	0.0	0.0	0.0	0.0	0.0	0.0	0.0	0.0	0.0	0.0	0.0	0.0	0.0	0.0	0.0	0.0	0.0	0.0	0.0	0.0	0.0	0.0	0.0	0.0	0.0	0.0	0.0	0.0	0.0	0.0	0.0	0.0	0.0	0.0	0.0	0.064465898474	0.0	0.0	0.0	0.0	0.0	0.0	0.0	0.0	0.0	0.0
k__Bacteria;p__Bacteroidetes;c__[Saprospirae];o__[Saprospirales]	0.0	0.0	0.0	0.0	0.0	0.0	0.0	0.0	0.0	0.0	0.0	0.0	0.0	0.0	0.0	0.0	0.0	0.0	0.0	0.0	0.0	0.0	0.0	0.0	0.0	0.0	0.0	0.0	0.0	0.0	0.0	0.0	0.0	0.0	0.0	0.0	0.0	0.0	0.0	0.0	0.0	0.0	0.0	0.0	0.0	0.0	0.0	0.0	0.0	0.0	0.0	0.0	0.0	0.0	0.0	0.0	0.0	0.0	0.0	0.0	0.00795334040297	0.0	0.0	0.0	0.0	0.0	0.0	0.0	0.0	0.0	0.0	0.0	0.0	0.0	0.0	0.0	0.0	0.0	0.0	0.0	0.0	0.0	0.0	0.0	0.0	0.0	0.0	0.0	0.0	5.18188413307e-05	0.0	0.0	0.0	0.0	0.0	0.0	0.0	0.0	0.0	0.0	0.0	0.0	0.0	0.0	0.0	0.0	0.0	0.0	0.0	0.0	0.0	0.0	0.0	0.0
k__Bacteria;p__Chlorobi;c__BSV26;o__PK329	0.0	0.0	0.0	0.0	0.0	0.0	0.0	0.0	0.0	0.0	0.0	0.0	0.0	0.0	0.0	0.0	0.0	0.0	0.0	0.0	0.0	0.0	0.0	0.0	0.0	0.0	0.0	0.0	0.0	0.0	0.0	0.0	0.0	0.0	0.0	0.0	0.0	0.0	0.0	0.0	0.0	0.0	0.0	0.0	0.0	0.0	0.0	0.0	0.0	0.0	0.0	0.0	0.0	0.0	0.0	0.0	0.0	0.0	0.0	0.0	0.0	0.0	0.0	0.0	0.0	0.0	0.0	0.0	0.0	0.0	0.0	0.0	0.0	0.0	0.0	0.0	0.0	0.0	0.0	0.0	0.0	0.0	0.0	0.0	0.0	0.0	0.0	0.0	0.0	0.0	0.0	0.0	0.0	0.0	0.0	0.0	0.0	0.0	0.0	0.0	0.0	0.0	0.0	0.0	0.0	0.0	0.0	0.0	0.0	0.0	0.0	0.375	0.0	0.0
k__Bacteria;p__Chloroflexi;c__Anaerolineae;o__Anaerolineales	0.0	0.0	0.0	0.0	0.0	0.0	0.000308052492145	0.0	0.0	0.0	0.0	0.0	0.0	0.0	0.0	0.0	0.0	0.0	0.0	0.0	0.0	0.0	0.0	0.0	0.0	0.000302282230843	0.0	0.0	0.0	0.0	0.0	0.0	0.0	0.000142247510669	0.0	0.0	0.0	0.0	0.0	0.000575190132294	0.0	0.0	0.0	0.0	0.0	0.0	0.0	0.0	0.0	0.0	0.0	0.0	0.0	0.0	0.0	0.0	0.0	0.0	0.0	0.0	0.0	0.0	0.0	0.0	0.0	0.0	0.0	0.0	0.0	0.0	0.0	0.0	0.00016955858249	0.0	0.0	0.000342231348392	0.0	0.0	0.0	0.0	0.0	0.0	0.0	0.000432927206383	0.0	0.0	0.0	0.0	0.0	0.0	0.0	0.0	0.0	0.000354756696033	0.0	0.0	0.0	0.0	0.0	0.0	0.0	0.0	0.0	0.0	0.0	0.0	0.0	0.0	0.0	0.0	0.0	0.0	0.0	0.0
k__Bacteria;p__Cyanobacteria;c__4C0d-2;o__YS2	0.0	0.0	0.002184002184	0.0	0.000719464275832	0.0	0.0	0.00847008331229	0.0	0.0	0.0	0.0	0.0	0.0	0.0	0.0	0.0	0.0	0.0	0.0	0.0	0.0	0.0	0.0	0.000117431192661	0.0	0.0	0.0	0.0	0.0	0.0	0.0	0.000198609731877	0.0	0.0	0.0	0.0	0.0	0.0	0.0	0.0	0.0	7.86086272968e-05	0.000548772122376	0.00556347106317	0.0	0.0	0.0	0.0	0.0	0.0	0.0	0.0	0.0	0.0	0.00770098917878	0.0	0.0	0.0	0.0	0.0	0.0	0.0	0.0	0.0	0.0	0.0	0.0	0.0	0.00527928526599	0.0	0.0	0.0	0.0	0.0	0.0	0.0	0.0	0.0	0.0	0.0	0.00334755142811	0.0	0.0	0.000110570544007	0.0	0.0	0.0	0.0	0.0	0.0012761205934	0.0	0.000479978058146	0.0	0.000845496618014	0.0	0.000198925800676	0.0272253241659	0.0	0.0	0.0	0.0	0.0	0.0	0.0	0.0	0.0	0.0	0.0	0.0	0.0	0.0	0.0	0.0
k__Bacteria;p__Cyanobacteria;c__Chloroplast;o__Streptophyta	0.0	0.0	0.0	0.0	0.0	0.0	0.0	0.0	0.0	0.0	0.0	0.0	0.0	0.0	0.0	0.0	0.000114287346962	0.0	0.0	0.0	0.0	0.0	0.0	0.0	0.0	0.0	0.0	0.0	0.0	0.000671140939597	0.0	0.0	0.0	0.0	0.0	0.0	0.0	0.0	0.00315896557263	0.0	0.000222653392283	0.0	5.89564704726e-05	0.0	0.0	0.0	0.000433714037878	0.0	0.000161051814761	0.0	0.0	0.0	0.0	0.0	0.0	0.0	0.0	0.0	0.0	0.0	0.337486744433	0.0	0.0	0.0	0.0	0.0	0.0	0.0	0.0	0.0	0.0	0.0	0.0	0.0	0.0	0.0	0.0	0.0	0.0	0.0	0.0	0.0	0.0	0.0	0.0	0.0	0.0	0.0	0.0	0.0	0.0	0.0	0.0	0.0	0.0	0.0	0.0	0.0	0.0	0.0	0.0	0.0	0.0	0.0	0.0	0.0	0.0	0.0	3.66562196441e-05	0.0	0.000176993388033	0.0	0.0	0.0
k__Bacteria;p__Cyanobacteria;c__Nostocophycideae;o__Nostocales	0.0	0.0	0.0	0.0	0.0	0.0	0.0	0.0	0.0	0.0	0.0	0.0	0.0	0.0	0.0	0.0	0.0	0.0	0.0	0.0	0.0	0.0	0.0	0.0	0.0	0.0	0.0	0.0	0.0	0.0	0.0	0.0	0.0	0.0	0.0	0.0	0.0	0.0	0.0193821277507	0.0	0.0	0.0	0.0	0.0	0.0	0.0	0.0	0.0	0.0	0.0	0.0	0.0	0.0	0.0	0.0	0.0	0.0	0.0	0.0	0.0	0.0	0.0	0.0	0.0	0.0	0.0	0.0	0.0	0.0	0.0	0.0	0.0	0.0	0.0	0.0	0.0	0.0	0.0	0.0	0.0	0.0	0.0	0.0	0.0	0.0	0.0	0.0	0.0	0.0	0.0	0.0	0.0	0.0	0.0	0.0	0.0	0.0	0.0	0.0	0.0	0.0	0.0	0.0	0.0	0.0	0.0	0.0	0.0	0.0	0.0	0.0	0.0	0.0	0.0
k__Bacteria;p__Elusimicrobia;c__Elusimicrobia;o__Elusimicrobiales	0.0	0.0	0.0	0.0	0.0	0.0	0.0	0.0	0.0	0.0	0.0	0.0	0.0	0.0	0.0	0.0	0.0	0.0	0.0	0.0	0.0	0.0	0.0	0.0	0.0	0.0	0.0	0.0	0.0	0.0	0.0	0.0	0.0	0.0	0.0	0.0	0.0	0.0	0.0	0.0	0.0	0.0	0.0	0.0	0.0	0.0	0.0	0.0	0.0	0.0	0.0	0.0	0.0	0.0	0.0	0.0	0.0	0.0	0.0	0.0	0.0	0.0	0.0	0.0	0.0	0.0	0.0	0.0	0.0	0.0	0.0	0.0	0.0	0.0	0.0	0.0	0.0	0.0	0.0	0.0	0.0	0.0	0.0	0.0	0.0	0.0	0.0	0.0	0.0	0.0	0.0	0.000197018454062	0.0	0.0	0.0	0.0	0.0	0.0	0.0	0.0	0.0	0.0	0.0	0.0	0.0	0.0	0.0	0.0	0.0	0.0	0.0	0.0	0.0	0.0
k__Bacteria;p__FBP;c__;o__	0.0	0.0	0.0	0.0	0.0	0.0	0.0	0.0	0.0	0.0	0.0	0.0	0.0	0.0	0.0	0.0	0.0	0.0	0.0	0.0	0.0	0.0	0.0	0.0	0.0	0.0	0.0	0.0	0.0	0.0	0.0	0.0	0.0	0.0	0.0	0.0	0.0	0.0	0.0	0.0	0.0	0.0	0.0	0.0	0.0	0.0	0.0	0.0	0.0	0.0	0.0	0.0	0.0	0.0	0.0	0.0	0.0	0.0	0.0	0.0	0.0360551431601	0.0	0.0	0.0	0.0	0.0	0.0	0.0	0.0	0.0	0.0	0.0	0.0	0.0	0.0	0.0	0.0	0.0	0.0	0.0	0.0	0.0	0.0	0.0	0.0	0.0	0.0	0.0	0.0	0.0	0.0	0.0	0.0	0.0	0.0	0.0	0.0	0.0	0.0	0.0	0.0	0.0	0.0	0.0	0.0	0.0	0.0	0.0	0.0	0.0	0.0	0.0	0.0	0.0
k__Bacteria;p__Firmicutes;c__Bacilli;o__Bacillales	0.00202513002255	0.0	0.0	0.0	0.0	0.0	0.0	0.000732138348902	0.0	0.0	0.0	0.0	0.0028263795424	0.0	0.00147995624477	0.0	0.0	0.0	0.0	0.0	0.0	0.0	0.0	0.0	0.0217541284404	0.0	0.0	0.0	0.0	0.0	0.0	0.0	0.0	0.0	0.0	0.000523231477606	0.000533974102256	0.0	0.343470578787	0.000383460088196	0.0	0.0	0.000157217254594	0.0	0.0	0.0	0.0	0.0	0.0	0.0	0.0	0.0	0.0	0.0	0.0	0.0	0.0	0.0	0.0	0.0	0.013520678685	0.000364925450944	0.0	0.0	0.000759301442673	0.0	0.0	0.0	0.0	0.0	0.0	0.000255384353452	0.0	0.0	0.0	0.0	0.000160696350854	0.0	0.0	0.0	0.0	0.0	0.0	0.0	0.000276426360018	0.0	0.000127760831723	0.487671623355	0.000671197248091	0.0	0.0	0.0	0.0	0.0	0.0	0.0	0.0	0.0	0.0	0.0	0.00534012487677	0.0	0.0	0.0	0.0	0.0	0.0	0.0	0.0	0.0	0.0	0.25	0.0	0.0
k__Bacteria;p__Firmicutes;c__Bacilli;o__Gemellales	0.0	0.0	0.0	0.0	0.0	0.0	0.0	0.0	0.0	0.0	0.0	0.0	0.0	0.0	0.0	0.0	0.0	0.0	0.0	0.0	0.0	0.0	0.0	0.000107888831348	7.33944954128e-05	0.0	0.0	0.0	0.0	0.0	0.0	0.0	0.0	0.0	0.0	0.0	0.0	0.0	0.0	0.0	0.0	0.0	0.0	0.0	0.0	0.0	0.0	0.0	0.0	0.0	0.0	0.0	0.0	0.0	0.0	0.0	0.0	0.0	0.0	0.0	0.00874867444327	0.0	0.0	0.0	0.0	0.0	0.0	0.0	0.0	0.0	0.0	0.0	0.0	0.0	0.0	0.0	0.0	0.0	0.0	0.0	0.000141334765526	0.0	0.0	0.0	0.0	0.0	0.0	0.0	0.0	0.0	0.0	0.0	0.0	0.000236504464022	0.0	0.0	0.0	0.0	0.000215898786649	0.0	0.0	0.0	0.0	0.0	0.0	0.0	0.0	0.0	0.0	0.000139690817657	0.0	0.0	0.0	0.0
k__Bacteria;p__Firmicutes;c__Bacilli;o__Lactobacillales	0.0	0.0	0.0	0.00283258448916	0.00386020255687	0.00142112742776	0.000800936479576	0.000719515273921	0.000355470380044	0.0	0.00113895216401	0.0	0.0179004037685	0.00902464422076	0.00295991248954	0.000801848969388	0.000514293061329	0.00178350260094	0.0	0.0307057204639	0.0	0.0205652056521	0.00122156054359	0.00325824270672	0.184455045872	0.00115874855156	0.0	0.0	0.00147440434065	0.00320656226696	0.000814157775207	0.000673007896626	0.00066203243959	0.00448079658606	0.0	0.0019882796149	0.0287011079963	0.0265117123661	0.0178294158591	0.000639100146993	0.00512102802252	0.00198934280639	0.000727129802496	0.00384140485663	0.0	0.0141700404858	0.000192761794612	0.0396094839609	0.00307462555453	0.0	0.0	0.00478750209978	0.000947948983109	0.0	0.00184719964534	0.0	0.0018006894068	0.00206265308753	0.00568822108935	0.00214648107194	0.134941675504	0.00234594932749	0.00410538340711	0.000144952363382	0.0160718805366	0.00447489861558	0.00232765112617	0.00089219330855	0.00247632105433	0.00184590393916	0.0	0.0187281859198	0.0	0.0	0.000774719673802	0.00342231348392	0.0135252761969	0.0	0.0	0.0	0.00918675975917	0.00237568165866	0.00140040935043	0.00204094254438	0.000829279080053	0.000520050849416	0.0228053084626	0.0225188845076	0.00264283916436	0.000483642519087	0.0	0.00702699152821	0.000479978058146	0.0	0.0	0.00349694017734	0.0	0.00350699090951	0.028412280323	0.00138390891363	0.0	0.0164957370567	0.0620110446387	0.0	0.00512534818942	0.000883782589483	0.0120799659719	0.0289322250639	0.000439874635729	0.00568075991805	0.00544886787444	0.0	0.0	0.222222222222
k__Bacteria;p__Firmicutes;c__Bacilli;o__Turicibacterales	0.0	0.0	0.0	0.00214885719867	0.00386020255687	0.0	0.0	0.000252461499621	0.000911858800983	0.0	0.0	0.0	0.00309555854643	0.00219831077172	0.00386075542114	0.00061317862365	0.00200002857184	0.000656428040624	0.000942248046798	0.00027521132298	0.000610414612387	0.00130501305013	0.0	0.00636544104954	0.00104220183486	0.00166255226964	0.0032569545559	0.000562600077898	0.00306676102854	0.0	0.0	0.0	0.0	0.0	0.0	0.0	0.0	0.0	0.0	0.0	0.0	0.0	0.0	0.000548772122376	0.0	0.0	0.0	0.0	0.000234257185107	0.0	0.0	0.0	0.00120648052396	0.0	0.00221663957441	0.0	0.00123475845038	0.00201968114821	0.0	0.0	0.0	0.00104264414555	0.0	0.0	0.0	0.0	0.0	0.0	0.000181876687606	0.0	0.0	0.0	0.0	0.00051996672213	0.0	0.00143737166324	0.0	0.0	0.0	0.0	0.00313763179467	0.0	0.000538618980933	0.0	0.0	0.0	0.000670744366546	0.0	0.0	0.0	0.0	0.0	0.0	0.000768639508071	0.0	0.0	0.0	0.00179964007199	0.0	0.00100647920991	0.0	0.00543679723218	0.000977910722503	0.0	0.0	0.00162026808072	0.00569970225436	0.000479539641944	0.00100804604021	0.00447010616502	0.0	0.0	0.0	0.0
k__Bacteria;p__Firmicutes;c__Clostridia;o__Clostridiales	0.0725364753532	0.499716466739	0.263991263991	0.644852510256	0.803198848857	0.574535172904	0.596266403795	0.398813430952	0.273913110675	0.556495045239	0.465313729551	0.381449033514	0.451413189771	0.404142080296	0.625957145615	0.519456629404	0.192188459835	0.24269259351	0.355580856661	0.381482209554	0.406160492088	0.473089730897	0.555810047335	0.859334541688	0.64720733945	0.611819235226	0.356464096866	0.414766088198	0.495163953763	0.321178225205	0.262030252389	0.402817659727	0.443694141013	0.591322901849	0.348323683856	0.425910422771	0.81310906421	0.404031232976	0.0292338169942	0.248226497092	0.489869270651	0.406607460036	0.288139923357	0.51152421457	0.32492027953	0.495681511471	0.229675678281	0.721152952115	0.423815171081	0.474784574092	0.374406258731	0.285906265748	0.378533264392	0.269537209697	0.430397517364	0.330213104959	0.507640067912	0.253878217524	0.433753689294	0.37296734747	0.0	0.520383693046	0.349635870341	0.371223002622	0.309478613009	0.446930499231	0.367768877935	0.330904584882	0.350126614156	0.423118100934	0.198026657435	0.786924321103	0.224382524162	0.327839018303	0.328603465851	0.325188227242	0.223193839973	0.375877134913	0.352138124875	0.207812882684	0.296520338073	0.284163922034	0.321124636432	0.491557919476	0.348020787262	0.134808736854	0.397016784579	0.128034585966	0.557681013508	0.347065326286	0.574892327325	0.590004597097	0.338453099287	0.248270561107	0.411756852973	0.351817159985	0.327133479212	0.331595219418	0.553866747269	0.197332830094	0.105898784095	0.777894476708	0.33594109526	0.120211772034	0.425626740947	0.622772131389	0.515270097831	0.0252557544757	0.0472315390114	0.257217358912	0.0437047244592	0.0	0.0	0.222222222222
k__Bacteria;p__Firmicutes;c__Clostridia;o__Halanaerobiales	0.0	0.0	0.0	0.0	0.0	0.0	0.0	0.0	0.0	0.0	0.0	0.0	0.0	0.0	0.0	0.0	0.0	0.0	0.0	0.0	0.0	0.0	0.0	0.0	0.0	0.0	0.0	0.0	0.0	0.0	0.0	0.0	0.0	0.0	0.0	0.0	0.0	0.0	0.0	0.0	0.0	0.0	0.0	0.0	0.0	0.0	0.0	0.0	0.0	0.0	0.0	0.0	0.0	0.0	0.0	0.0	0.0	0.0	0.0	0.0	0.0	0.0	0.0	0.0	0.0	0.0	0.0	0.0	0.0	0.0	0.0	0.0	0.0	0.0	0.0	0.0	0.0	0.0	0.0	0.0	8.48008593154e-05	0.0	0.0	0.0	0.0	0.0	0.0	0.0	0.0	0.0	0.0	0.0	0.0	0.0	0.0	0.0	0.0	0.0	0.0	0.0	0.0	0.0	0.0	0.0	0.0	0.0	0.0	0.0	0.0	0.0	0.0	0.0	0.0	0.0
k__Bacteria;p__Firmicutes;c__Clostridia;o__SHA-98	0.0	0.000523446019629	0.0	0.0	6.91792572915e-05	0.000577333017527	0.000739325981147	0.00059328452411	9.27314034898e-05	0.0	0.0	0.0	0.0	0.0	0.0	0.0	0.0	0.0	0.0	0.000196579516414	0.0	0.0	0.0	0.0	0.0	0.0	0.0	0.0	0.0	0.0	0.0	0.0	0.000264812975836	0.00234708392603	0.0	0.0	0.0	0.0	0.0	0.00102256023519	0.0	0.0	0.0	0.0	0.0	0.0	0.0	0.0	0.0	0.0	0.0	0.0	0.0	0.0	0.000369439929068	0.000265551350992	0.0	0.0	0.0	0.0	0.0	0.0	0.0	0.0	0.0	0.0	0.0	0.0	0.0	0.0	0.0	0.0	0.0	0.0	0.000937818552497	0.0	0.0	0.0	0.0	0.0	0.0	0.0	0.0	0.00123693487538	0.0	0.0	0.0	0.0	0.0	6.90917884409e-05	0.0	0.000197018454062	0.0	0.0	0.0	0.0	0.0	0.0	0.0	0.0	0.0	0.0	0.0	0.0	0.0	0.0	0.00110591237771	0.0	0.0	0.0	0.0	0.0	0.0	0.0
k__Bacteria;p__Firmicutes;c__Clostridia;o__Thermoanaerobacterales	0.0	0.0	0.0	0.0	0.0	0.0	0.000369662990574	0.0	0.0	0.0	0.0	0.0	0.0	0.0	0.0	0.0	0.0	0.0	0.0	0.0	0.0	0.0	0.0	0.0	0.0	0.0	0.0	0.0	0.0	0.0	0.0	0.0	0.0	0.00049786628734	0.0	0.0	0.0	0.0	0.0	0.0	0.0	0.0	0.0	0.0	0.0	0.0	0.0	0.0	0.0	0.0	0.0	0.0	0.0	0.0	0.0	0.0	0.0	0.0	0.0	0.0	0.0	0.0	0.0	0.0	0.0	0.0	0.0	0.0	0.0	0.0	0.0	0.0	0.0	0.0	0.0	0.0	0.0	0.0	0.0	0.0	0.0	0.0	0.0	0.000371080462614	0.0	0.0	0.0	0.0	0.0	0.0	0.0	0.0	0.0	0.0	0.0	0.0	0.0	0.0	0.0	0.0	0.0	0.0	0.0	0.0	0.0	0.000294594196494	0.0	0.0	0.0	0.0	0.0	0.0	0.0	0.0
k__Bacteria;p__Firmicutes;c__Erysipelotrichi;o__Erysipelotrichales	0.00271551525751	0.00732824427481	0.00555100555101	0.0047860910334	0.00870275056727	0.00740170535291	0.0256299673464	0.0087982832618	0.00261193453163	0.00770142180095	0.0110788983226	0.00973439020998	0.0504710632571	0.0129584634965	0.0360980631877	0.000283005518608	0.0182859755139	0.00801337626951	0.00851949275647	0.00314527226263	0.0177020237592	0.212357123571	0.00855092380516	0.0218366994649	0.0184073394495	0.0164743815809	0.00436815081615	0.00601549314061	0.00778485491861	0.0330350484713	0.00737027038608	0.000762742282843	0.00695134061569	0.0027027027027	0.00720344688299	0.00575554625366	0.0059404618876	0.0290539313601	0.0	0.0154662235572	0.00572537294443	0.0	0.0135010317382	0.00500754561668	0.00386729086098	0.0055330634278	0.00852970941159	0.0563458856346	0.00683738159031	0.0238734284503	0.00717146316476	0.000335965059634	0.00616166839021	0.00293835113296	0.00192108763115	0.0156675297086	0.00303544785718	0.00429719393236	0.00901529380199	0.00796799791856	0.0	0.00495255969138	0.0	0.0100544230237	0.0075297393065	0.00540716916049	0.000684603272404	0.0115489467162	0.0488688669082	0.0106324066896	0.00181755236282	0.0108112709628	0.00401288645227	0.0100873544093	0.0134148827727	0.0102669404517	0.00898560428524	0.00860585197935	0.00160610319213	0.0157972079353	0.00517285241824	0.00464337778738	0.00177744263708	0.00760714948358	0.0107253427687	0.00427597365076	0.0236038136608	0.0	0.0178286769024	0.0067537223201	0.00255224118679	0.00564786234977	0.00706253428415	0.00165553124815	0.00320398718405	0.00818034220057	0.0247662621842	0.00904434497716	0.0140334211322	0.0344090079889	0.00123233651002	0.00444828864451	0.016797054763	0.00218000622859	0.0140389972145	0.00434526439829	0.0135261590812	0.0022378516624	0.00208940451971	0.0029335071708	0.000745900706709	0.0	0.0	0.0
k__Bacteria;p__Fusobacteria;c__Fusobacteriia;o__Fusobacteriales	0.000230128411654	0.0	0.0	0.0	0.0	0.0	0.0	0.0	0.0	0.0	0.000517705529095	0.0	0.0	0.0	0.0	0.0	0.000514293061329	0.0	0.0	0.0	0.0	0.0	0.0	0.0	0.0	0.0	0.0	0.0	0.0	0.0	0.0	0.0	0.0	0.0	0.0	0.0	0.0	0.0	0.0	0.000255640058797	0.0	0.0	0.0	0.0	0.0	0.0	0.000240952243265	0.0	4.39232222076e-05	0.0	0.0	0.0	0.0	0.0	0.0	0.0316669986059	0.0	0.0	0.00858599409713	0.0	0.00212089077413	0.0	0.0	0.0	0.0	0.00806414021349	0.000410761963442	0.0	0.00390335352631	7.38361575664e-05	0.0	0.000340512471269	0.000226078109987	0.00254783693844	0.0	0.000205338809035	0.0554402410445	0.0	0.0024091547882	0.0	0.00011306781242	0.000377949354786	0.0	0.00154616859422	0.0	0.0	0.000143730935688	0.0	0.0	0.0	0.0	0.000197018454062	0.000617114646188	0.000118252232011	0.0	0.0	0.0	0.0	0.0	0.000188714851859	0.0	0.0	0.000805338242062	0.0	0.0	0.0	0.0	0.0	0.0	0.0	0.0	0.0	0.0	0.0
k__Bacteria;p__Lentisphaerae;c__[Lentisphaeria];o__Victivallales	0.0	0.0	0.0	0.00195350654425	0.0	0.0	0.0	0.0	0.0	0.0	0.00186373990474	0.0	0.0	0.0	0.0	0.0023112117353	0.0	0.0	0.0	0.000668370355809	0.0	0.0	0.0	0.0	0.0	0.0	0.0	0.00177435409183	0.0015923566879	0.0	0.0	0.0	0.0	0.0	0.0	0.0	0.0	0.0	0.0	0.0	0.0	0.0	0.0	0.0	0.0	0.0	0.0	0.0	0.0	0.0	0.0	0.0	0.0	0.0	0.0	0.000265551350992	0.0	0.000128915817971	0.0	0.0	0.0	0.0	0.0	0.0	0.0	0.0	0.0	0.0	0.0	0.0	0.0	0.0	0.0	0.0	0.0	0.0	0.0	0.0	0.0	0.0	0.0	0.0	0.0	0.0	0.00077399380805	0.0	0.0	0.0	0.0	0.000172729471102	0.0	0.000525382544165	0.0	0.0	0.0	0.0	0.0	0.0	0.0	0.0	0.000492934604009	0.0	0.0	0.0	0.0	0.0	0.0	0.0	0.0	0.0	0.0	0.0	0.0	0.0
k__Bacteria;p__OP9;c__OPB46;o__OPB72	0.0	0.0	0.0	0.0	0.0	0.0	0.0	0.0	0.0	0.0	0.0	0.0	0.0	0.0	0.0	0.0	0.0	0.0	0.0	0.0	0.0	0.0	0.0	0.0	0.0	0.0	0.0	0.0	0.0	0.0	0.0	0.0	0.0	0.000355618776671	0.0	0.0	0.0	0.0	0.0	0.0	0.0	0.0	0.0	0.0	0.0	0.0	0.0	0.0	0.0	0.0	0.0	0.0	0.0	0.0	0.0	0.0	0.0	0.0	0.0	0.0	0.0	0.0	0.0	0.0	0.0	0.0	0.0	0.0	0.0	0.0	0.0	0.0	0.0	0.0	0.0	0.000479123887748	0.0	0.0	0.0	0.0	0.0	0.0	0.0	0.0	0.0	0.0	0.0	0.0	0.0	0.0	0.0	0.0	0.0	0.0	0.0	0.0	0.0	0.0	0.0	0.0	0.0	0.0	0.0	0.0	0.0	0.000147297098247	0.0	0.0	0.0	0.0	0.0	0.0	0.0	0.0
k__Bacteria;p__Planctomycetes;c__Phycisphaerae;o__MSBL9	0.0	0.0	0.0	0.0	0.0	0.0	0.0	0.0	0.0	0.0	0.0	0.0	0.0	0.0	0.0	0.0	0.0	0.0	0.0	0.0	0.0	0.0	0.0	0.0	0.0	0.0	0.0	0.0	0.0	0.0	0.0	0.0	0.0	0.0	0.0	0.0	0.0	0.0	0.0	0.000127820029399	0.0	0.0	0.0	0.0	0.0	0.0	0.0	0.0	0.0	0.0	0.0	0.0	0.0	0.0	0.0	0.0	0.0	0.0	0.0	0.0	0.0	0.0	0.0	0.0	0.0	0.0	0.0	0.0	0.0	0.0	0.0	0.0	0.0	0.0	0.0	0.0	0.0	0.0	0.0	0.0	0.0	0.0	0.0	0.0	0.0	0.0	0.0	0.0	0.0	0.0	0.0	0.0	0.0	0.0	0.0	0.0	0.0	0.0	0.0	0.0	0.0	0.0	0.0	0.0	0.0	0.0	0.0	0.0	0.0	0.0	0.0	0.0	0.0	0.0
k__Bacteria;p__Planctomycetes;c__Planctomycetia;o__Pirellulales	0.0	0.0	0.0	0.0	0.0	0.0	0.0	0.0	0.0	0.0	0.0	0.0	0.0	0.0	0.0	0.0	0.0	0.0	0.0	0.0	0.0	0.0	0.0	0.0	0.0	0.0	0.0	0.0	0.0	0.0	0.0	0.0	0.0	0.0	0.0	0.0	0.0	0.0	0.0	0.0	0.0	0.0	0.0	0.000137193030594	0.0	0.0	0.0	0.0	0.0	0.0	0.0	0.0	0.0	0.0	0.0	0.0	0.0	0.0	0.0	0.0	0.0	0.0	0.0	0.0	0.0	0.0	0.0	0.0	0.0	0.0	0.0	0.0	0.0	0.0	0.0	0.0	0.0	0.0	0.0	0.0	0.0	0.0	0.0	0.0	0.0	0.0	0.0	0.0	0.0	0.0	0.0	0.0	0.0	0.0	0.0	0.0	0.0	0.0	0.0	0.0	0.0	0.0	0.0	0.0	0.0	0.0	0.0	0.0	0.0	0.0	0.0	0.0	0.0	0.0
k__Bacteria;p__Proteobacteria;c__Alphaproteobacteria;o__Caulobacterales	0.0	0.0	0.0	0.0	0.0	0.0	0.0	0.0	0.0	0.0	0.0	0.0	0.0	0.0	0.0	0.0	0.0	0.0	0.0	0.0	0.0	0.0	0.0	0.0	0.0	0.0	0.0	0.0	0.0	0.0	0.0	0.0	0.0	0.0	0.0	0.0	0.0	0.0	0.0	0.0	0.0	0.0	0.0	0.0	0.0	0.0	0.0	0.0	0.0	0.0	0.0	0.0	0.0	0.0	0.0	0.0	0.0	0.0	0.0	0.0	0.0	0.0	0.0	0.0	0.0	0.0	0.0	0.0	0.0	0.0	0.0	0.0	0.0	0.0	0.0	0.0	0.0	0.0	0.0	0.0	0.0	0.0	0.0	0.0	0.0	0.0	0.0	0.0	0.0	0.0	0.0	0.0	0.0	0.0	0.0	0.0	0.0	0.0	0.0	0.0	0.0303154781466	0.0	0.0	0.00934288383681	0.0	0.0	0.0	0.0	0.0	0.0	0.0	0.0	0.0	0.0
k__Bacteria;p__Proteobacteria;c__Alphaproteobacteria;o__RF32	0.0	0.0	0.0	0.0	0.00145276440312	0.0156027948839	0.0	0.0588361524867	0.0	0.0	0.00559121971423	0.00208594075928	0.0	0.00428092097651	0.0	0.0	0.0	0.0	0.0	0.0	0.0	0.0	0.0	0.0	0.0	0.0	0.0	0.000259661574415	0.0	0.0	0.0	0.0	0.0	0.0	0.0	0.00130807869401	0.0	0.0	0.0	0.0	0.0	0.0	0.00131669450722	0.0	0.0	0.0	0.0	0.0	0.0	0.0	0.0	0.0	0.0	0.0	0.0	0.0602137688375	0.000102896537532	0.0	0.0	0.0	0.0	0.0411323115421	0.000178494930744	0.0	0.0	0.0	0.0	0.0	0.0	0.114741388858	0.000519300675091	0.0	0.0	0.0	0.0	0.0	0.0	0.0132397722759	0.000602288697049	0.0	0.0	0.00826089304033	0.000430895184746	0.0	0.0	0.0	0.000479103118961	0.0	0.0	0.0	0.0	0.0475471202469	0.0	0.0	0.00146849412602	0.0598226551767	0.0128307141436	0.0	0.0	0.145876580487	0.0	0.0	0.0	0.0	0.0	0.0260715863897	0.0	0.0	0.0	0.0	0.0	0.0	0.0	0.0
k__Bacteria;p__Proteobacteria;c__Alphaproteobacteria;o__Rhizobiales	0.00533897915037	0.0	0.0	0.0	0.0	0.0	0.0	0.0	0.0	0.0	0.0	0.0	0.0	0.0	0.0004504214658	0.0	0.0	0.0	0.0	0.0	0.0	0.0	0.0	0.0	0.0	0.0	0.0	0.0	0.0	0.0	0.0	0.0	0.0	0.0	0.0	0.0	0.0	0.0	0.0449751030679	0.0	0.0	0.0	0.0	0.0	0.0	0.0	0.0	0.0	0.0	0.0	0.0	0.0	0.0	0.0	0.0	0.0	0.0	0.0	0.0	0.0	0.00238600212089	0.0	0.0	0.0	0.0	0.0	0.0	0.0	0.0	0.0	0.0	0.0	0.0	0.0	0.0	0.000136892539357	0.0	0.0	0.0	0.0	0.0	0.0	0.0	0.0	0.0	0.0	0.0	0.0118770487909	0.0	0.0	0.0	0.0	0.0	0.0	0.0	0.0	0.0	0.0	0.0	0.0	0.00106802497535	0.0	0.0	0.0121457489879	0.0	0.0	0.0	0.0025042625746	0.0	0.0	0.0	0.375	0.0	0.0
k__Bacteria;p__Proteobacteria;c__Alphaproteobacteria;o__Rhodobacterales	0.0	0.0	0.0	0.0	0.0	0.0	0.0	0.0	0.0	0.0	0.0	0.0	0.0	0.0	0.0	0.0	0.0	0.0	0.0	0.0	0.0	0.0	0.0	0.0	0.0	0.0	0.0	0.0	0.0	0.0	0.0	0.0	0.0	0.0	0.0	0.0	0.0	0.0	0.0	0.0	0.0	0.0	0.0	0.0	0.0	0.0	0.0	0.0	0.0	0.0	0.0	0.0	0.0	0.0	0.0	0.0	0.0	0.0	0.0	0.0	0.00397667020148	0.0	0.0	0.0	0.0	0.0	0.0	0.0	0.0	0.0	0.0	0.0	0.000339117164981	0.0	0.0	0.0	0.0	0.0	0.0	0.0	0.0	0.0	0.0	0.0	0.0	0.0	0.0	0.0	0.0	0.0	0.0	0.0	0.0	0.0	0.0	0.0	0.0	0.0	0.0	0.0	0.0	0.0	0.0	0.00311429461227	0.0	0.0	0.0	0.0	0.0	0.0	0.0	0.0	0.0	0.0
k__Bacteria;p__Proteobacteria;c__Alphaproteobacteria;o__Rhodospirillales	0.0	0.0	0.0	0.0	0.0	0.0	0.0	0.0	0.0	0.0	0.0	0.0	0.0	0.0	0.0	0.0	0.0	0.0	0.0	0.0	0.0	0.0	0.0	0.0	0.0	0.0	0.0	0.0	0.0	0.0	0.0	0.0	0.0	0.0	0.0	0.0	0.0	0.0	0.00315896557263	0.0	0.0	0.0	0.0	0.0	0.0	0.0	0.0	0.0	0.0	0.0	0.0	0.0	0.0	0.0	0.000147775971627	0.0	0.0	0.0	0.0	0.0	0.0084835630965	0.0	0.0	0.0	0.0	0.0	0.0	0.0	0.0	0.0	0.0	0.0	0.0	0.0	0.0	0.0	4.01740877134e-05	0.0	0.0	0.0	0.0	0.0	0.0	0.0	0.0	0.0	0.0	0.0	0.0	0.0	0.0	0.0	0.0	0.0	0.0	0.0	0.0	0.0	0.0	0.0	0.0	0.0	0.0	0.0	0.0	0.0	0.0	0.0	0.0	0.0	0.0	0.0	0.0	0.0
k__Bacteria;p__Proteobacteria;c__Alphaproteobacteria;o__Rickettsiales	0.0	0.0	0.0	0.0	0.0	0.0	0.0	0.0	0.0	0.0	0.0	0.0	0.0	0.0	0.0	0.0	0.0	0.0	0.0	0.0	0.0	0.0	0.0	0.0	0.0	0.0	0.0	0.0	0.0	0.0	0.0	0.0	0.0	0.0	0.0	0.0	0.0	0.0	0.0277346468919	0.0	0.0	0.0	0.0	0.0	0.0	0.0	0.0	0.0	0.0	0.0	0.0	0.0	0.0	0.0	0.0	0.0	0.0	0.0	0.0	0.0	0.041887592789	0.0	0.0	0.0	0.0	0.0	0.0	0.0	0.0	0.0	0.0	0.0	0.0	0.0	0.0	0.0	0.0	0.0	0.0	0.0	0.0	0.0	0.0	0.0	0.0	0.0	0.0	0.0	0.0	0.0	0.0	0.0	0.0	0.0	0.0	0.0	0.0	0.0	0.0	0.0	0.0	0.0	0.0	0.0	0.0	0.0	0.0	0.0	0.0	9.31272117713e-05	0.0	0.0	0.0	0.0
k__Bacteria;p__Proteobacteria;c__Alphaproteobacteria;o__Sphingomonadales	0.00101256501128	0.0	0.0	0.0	0.0	0.0	0.0	0.0	0.0	0.0	0.0	0.0	0.0	0.0	0.0	0.0	0.0	0.0	0.0	0.0	0.0	0.0	0.0	0.0	0.0	0.0	0.0	0.0	0.0	0.0	0.0	0.0	0.0	0.0	0.0	0.0	0.0	0.0	0.0	0.0	0.0	0.0	0.0	0.0	0.0	0.0	0.0	0.0	0.0	0.0	0.0	0.0	0.0	0.0	0.0	0.0	0.0	0.0	0.0	0.0	0.0299575821845	0.0	0.0	0.0	0.0	0.0	0.0	0.0	0.0	0.0	0.0	0.0	0.0	0.0	0.0	0.000342231348392	0.0	0.0	0.0	0.0	0.0	0.0	0.0	0.0	0.0	0.0	0.0	0.005225901468	0.0	0.0	0.0	0.0	0.0	0.0	0.0	0.0	0.0	0.0	0.0	0.0	0.0197173841604	0.0	0.0	0.00140143257552	0.0	0.0	0.0	0.0287723785166	0.0	0.0	0.0	0.0	0.0	0.0
k__Bacteria;p__Proteobacteria;c__Betaproteobacteria;o__Burkholderiales	0.13803102131	0.0131297709924	0.025298025298	0.0112326626294	0.001660302175	0.0157064187589	0.02470580987	0.0180762433729	0.0132296802312	0.0332292115467	0.0119072271692	0.012654707273	0.0464333781965	0.0164294805045	0.0373849816614	0.0246214801189	0.0174288204117	0.025662620758	0.00494680224569	0.0617652840574	0.00765366013993	0.00981009810098	0.0203084440373	0.00360348696703	0.000440366972477	0.0181873142224	0.015326844969	0.0253602804345	0.0127388535032	0.0284862043251	0.0197111882418	0.0	0.0256206554121	0.0234708392603	0.0331223912751	0.0104123064044	0.0323721799493	0.0352278917741	0.102907319163	0.00287595066147	0.0220426858361	0.0	0.0455143952049	0.0139936891206	0.0181152045593	0.023616734143	0.0106500891523	0.00669456066946	0.0188869855493	0.0162452323775	0.00838222967309	0.0289769863934	0.0311530506722	0.0520992258575	0.0164770208364	0.0501892053376	0.0159489633174	0.0200249237248	0.0	0.0183751788734	0.0145811240721	0.0194974455218	0.0716478652006	0.0107001199151	0.0168944570995	0.00717848319582	0.0154720339563	0.0236926889715	0.0400408523021	0.00738361575664	0.0308118400554	0.0178769047416	0.044141750975	0.0259983361065	0.0725790010194	0.00903490759754	0.0460662872447	0.0201244538594	0.0174663722144	0.00551065393093	0.0310936484156	0.0326116300416	0.0	0.0	0.00845864661654	0.0604414653877	0.0233003816855	0.0335882939807	0.0118718013256	0.00998376342972	0.0154729621949	0.0124778354239	0.0169363686231	0.0193342399338	0.0196689213243	0.00955414012739	0.0112393077382	0.019426883854	0.0309167062481	0.00566144555577	0.0016431153467	0.026689731867	0.00719052001841	0.0392401121146	0.0169359331476	0.00434526439829	0.0331773713313	0.000532821824382	0.0	0.0	0.000176993388033	0.0	0.000164862339946	0.0
k__Bacteria;p__Proteobacteria;c__Betaproteobacteria;o__Methylophilales	0.0	0.0	0.0	0.0	0.0	0.0	0.0	0.0	0.0	0.0	0.0	0.0	0.0	0.0	0.0	0.0	0.0	0.0	0.0	0.0	0.0	0.0	0.0	0.0	0.0	0.0	0.0	0.0	0.0	0.0	0.0	0.0	0.0	0.000213371266003	0.0	0.0	0.0	0.0	0.0	0.0	0.0	0.0	0.0	0.0	0.0	0.0	0.0	0.0	0.0	0.0	0.0	0.0	0.0	0.0	0.0	0.0	0.0	0.0	0.0	0.0	0.0	0.0	0.0	0.0	0.0	0.0	0.0	0.0	0.0	0.0	0.0	0.0	0.0	0.0	0.0	0.0	0.0	0.0	0.0	0.0	0.0	0.0	0.0	0.0	0.0	0.0	0.0	0.0	0.0	0.0	0.0	0.0	0.0	0.0	0.0	0.0	0.0	0.0	0.0	0.0	0.0	0.0	0.0	0.0	0.0	0.0	0.0	0.0	0.0	0.0	0.0	0.0	0.0	0.0
k__Bacteria;p__Proteobacteria;c__Betaproteobacteria;o__Neisseriales	0.0	0.0	0.0	0.0	0.0	0.0	0.0	0.0	0.0	0.0	0.0	0.0	0.0	0.0	0.0	0.0	0.0	0.0	0.0	0.0	0.0	0.0	0.0	0.0	0.0	0.0	0.0	0.0	0.0	0.0	0.0	0.0	0.0	0.0	0.0	0.0	0.0	0.0	0.0	0.0	0.0	0.0	0.0	0.0	0.0	0.0	0.0	0.0	0.0	0.0	0.0	0.0	0.0	0.0	0.0	0.0	0.0	0.0	0.0	0.0	0.0	0.0	0.00157075539055	0.0	0.0	0.0	0.0	0.0	0.0	0.0	0.0	0.0	0.0	0.0	0.0	0.0	0.0	0.0	0.0	0.0	0.0	0.0	0.0	0.0	0.0	0.0	0.0	0.0	0.0	0.0	0.0	0.0	0.0	0.0	0.0	0.000187336080929	0.0	0.0	0.0	0.0	0.0	0.0	0.0	0.0	0.0	0.0	0.0	0.0	0.0	0.0	0.0	0.0	0.0	0.0
k__Bacteria;p__Proteobacteria;c__Betaproteobacteria;o__Rhodocyclales	0.0	0.0	0.0	0.0	0.0	0.0	0.0	0.0	0.0	0.0	0.0	0.0	0.0	0.0	0.0	0.0	0.0	0.0	0.0	0.0	0.0	0.0	0.0	0.0	0.0	0.0	0.0	0.0	0.0	0.0	0.0	0.0	0.0	0.0	0.0	0.0	0.0	0.0	0.0	0.0	0.0	0.0	0.0	0.0	0.0	0.0	0.0	0.0	0.0	0.0	0.0	0.0	0.0	0.0	0.0	0.0	0.0	0.0	0.0	0.0	0.0	0.0	0.0	0.0	0.0	0.0	0.0	0.0	0.0	0.0	0.0	0.0	0.0	0.0	0.0	0.0	0.0	0.0	0.0	0.0	0.0	0.0	0.0	0.0	0.0	0.0	0.0	0.0073162620552	0.0	0.0	0.0	0.0	0.0	0.0	0.0	0.0	0.0	0.0	0.0	0.0	0.0	0.0	0.0	0.0	0.0	0.0	0.0	0.0	0.0	0.0	0.0	0.0	0.0	0.0
k__Bacteria;p__Proteobacteria;c__Deltaproteobacteria;o__Desulfovibrionales	0.000322179776315	0.0029225736096	0.00718900718901	0.00166048056261	0.000470418949582	0.00251657981999	0.0118292156984	0.007334006564	0.000355470380044	0.00210038776389	0.0016566576931	0.00890001390627	0.021668909825	0.00323961587412	0.0	0.0049054289892	0.00272861040872	0.0036165469408	0.0	0.0041281698447	0.00150255904588	0.000225002250023	0.0	0.0	4.40366972477e-05	0.00287168119301	0.00164763583416	0.0	0.0	0.0	0.0053991515619	0.0	0.00814299900695	0.0	0.0133970647637	0.0	0.0	0.0	0.0	0.00543235124944	0.00397595343363	0.00589698046181	0.00387147489437	0.0209219371656	0.0292421466857	0.0	0.00496361621127	0.000650860065086	0.0001903339629	0.00572114705467	0.00447052249232	0.0029396942718	0.0	0.00418149968921	0.00251219151766	0.00219079864569	0.00673972320831	0.00210562502686	0.00558089616313	0.0	0.0	0.0	0.00360559760103	0.00354474415908	0.00569476082005	0.00041952174521	0.00136920654481	0.0020322180917	0.000797459322579	0.000959870048363	0.0	0.00204307482762	0.0	0.00701955074875	0.0	0.0	0.00666889856043	0.00251555673242	0.0	0.00734753857458	0.00212002148288	0.00539927649695	0.00867176559302	0.00333972416352	0.00093984962406	0.0136368889403	0.00137342894102	0.0	0.000167799312023	0.00316094932117	0.00159515074175	0.00394036908124	0.00918815139879	0.000354756696033	0.000711997152011	0.000999125764956	0.000895166103044	0.0	0.000734055874606	0.0103793168522	0.000575090371344	0.000123563573459	0.00166820064427	0.0	0.00479108635097	0.00220945647371	0.0	0.0	0.0	0.0	0.0	0.0	0.0	0.0
k__Bacteria;p__Proteobacteria;c__Epsilonproteobacteria;o__Campylobacterales	0.0	0.0	0.0	0.0	0.000221373623333	0.0110433443865	0.0	0.0	0.0	0.0	0.00673017187824	0.0	0.0	0.000231401133866	0.000321729618429	0.000283005518608	0.0	0.0	0.0	0.000629054452526	0.0	0.0	0.0	0.0	0.000102752293578	0.00110836817976	0.00015326844969	0.0	0.000176928520878	0.000447427293065	0.0	0.0	0.0	0.0	0.000673219334859	0.000575554625366	0.0	0.0	0.0	0.0	0.000127230509876	0.0	0.0	0.0	0.000678472080874	0.0	0.000192761794612	0.0	0.0	0.0	0.0	0.000503947589451	0.000473974491555	0.0	0.0	0.0	0.0	0.0	0.000160987389321	0.0	0.0	0.00088624752372	0.00403398543481	0.000237194776444	0.0	0.026942618748	0.000958444581365	0.000743494423792	0.0	0.0	0.0	0.0	0.0	0.0	0.0	0.0	2.67827251423e-05	0.0	0.000301144348524	0.0	0.0	0.00880082069003	0.0	0.000309233718845	0.0	0.0	0.0	0.0	0.0	0.000120910629772	0.0	0.0	0.000205704882063	0.0	0.0	0.0	0.0	0.0	0.0	0.0	0.0	0.0	0.0	0.000622858922454	0.0	0.0	0.0	0.0	3.66562196441e-05	0.0	0.0	0.0	0.0	0.0
k__Bacteria;p__Proteobacteria;c__Gammaproteobacteria;o__Acidithiobacillales	0.0	0.0	0.0	0.0	0.0	0.0	0.0	0.0	0.0	0.0	0.0	0.0	0.0	0.0	0.0	0.0	0.0	0.0	0.0	0.0	0.0	0.0	0.000305390135899	0.0	0.0	0.0	0.0	0.0	0.0	0.0	0.0	0.0	0.0	0.0	0.0	0.0	0.0	0.0	0.0	0.0	0.0	0.0	0.0	0.0	0.0	0.0	0.0	0.0	0.0	0.0	0.0	0.0	0.0	0.0	0.0	0.0	0.0	0.0	0.0	0.0	0.0	0.0	0.0	0.0	0.0	0.0	0.0	0.0	0.0	0.0	0.0	0.0	0.0	0.0	0.0	0.0	0.0	0.0	0.0	0.0	0.0	0.0	0.0	0.0	0.0	0.0	0.0	0.0	0.0	0.0	0.0	0.0	0.0	0.0	0.0	0.0	0.0	0.0	0.0	0.0	0.0	0.0	0.0	0.0	0.0	0.0	0.0	0.0	0.0	0.0	0.0	0.0	0.0	0.0
k__Bacteria;p__Proteobacteria;c__Gammaproteobacteria;o__Aeromonadales	0.0	0.0	0.0	0.0	0.0	0.0	0.0	0.0	0.0	0.0	0.0	0.0	0.0	0.0	0.0	0.000141502759304	0.0	0.0	0.0	0.00605464910556	0.0	0.0	0.0	0.0	0.0	0.0	0.0	0.0	0.0	0.0	0.0	0.0	0.0	0.0	0.0	0.0	0.0	0.0	0.0	0.0	0.0	0.0	0.0	0.0	0.0	0.0	0.0	0.0	0.0	0.0	0.0	0.0	0.0	0.0	0.0	0.0	0.0	0.0	0.0	0.0	0.0185577942736	0.0	0.0	0.0	0.0	0.0	0.0	0.0	0.0	0.0	0.0	0.0	0.0	0.0	0.0	0.0	0.0	0.0	0.0	0.0	0.0	0.0	0.0	0.0	0.0	0.0	0.0	0.0	0.0	0.0	0.0	0.0	0.0	0.0	0.0	0.0	0.0	0.0	0.0	0.0	0.0	0.0	0.0	0.0	0.0	0.0	0.0	0.0	0.0	0.0	0.0	0.0	0.0	0.0
k__Bacteria;p__Proteobacteria;c__Gammaproteobacteria;o__Alteromonadales	0.0	0.0	0.0	0.0	0.0	0.0	0.0	0.0	0.0	0.0	0.0	0.0	0.0	0.0	0.0	0.0	0.0	0.0	0.0	0.0	0.0	0.0	0.0	0.0	0.0	0.0	0.0	0.0	0.0	0.0	0.0	0.0	0.0	0.0	0.0	0.0	0.0	0.0	0.0301975692028	0.0	0.0	0.0	0.0	0.0	0.0	0.0	0.0	0.0	0.0	0.0	0.0	0.0	0.0	0.0	0.0	0.0	0.0	0.0	0.0	0.0	0.0	0.0	0.0	0.0	0.0	0.0	0.0	0.0	0.0	0.0	0.0	0.0	0.0	0.0	0.0	0.0	0.0	0.0	0.0	0.0	0.0	0.0	0.0	0.0	0.0	0.0	0.0	0.0	0.0	0.0	0.0	0.0	0.0	0.0	0.0	0.0	0.0	0.0	0.0	0.0	0.0	0.0	0.0	0.0	0.0	0.0	0.0	0.0	0.0	0.0	0.0	0.0	0.0	0.0
k__Bacteria;p__Proteobacteria;c__Gammaproteobacteria;o__Enterobacteriales	0.476780043264	0.0	0.0	0.0	0.00606010293873	0.00438180956892	0.000739325981147	0.000997222923504	0.000726395994003	0.0	0.00372747980948	0.0154359616187	0.0122476446837	0.0217517065834	0.0	0.0	0.175473935342	0.00127569977706	0.000274822346983	0.000353843129546	0.0	0.107461074611	0.00381737669873	0.0211030554117	0.000675229357798	0.00277092044939	0.0	0.000389492361622	0.0020641660769	0.00290827740492	0.0171830140978	0.0	0.0	0.00149359886202	0.00828059781877	0.0	0.000467227339474	0.0	0.0613053488248	0.0	0.0075066000827	0.0	0.000707477645672	0.0	0.0	0.0	0.000963808973062	0.0680613668061	0.0001903339629	0.0	0.213094905467	0.0	0.0	0.0	0.00672380670903	0.0	0.000463034418892	0.00317992350995	0.0524818889187	0.00221152595291	0.0707847295864	0.0	0.0087819505926	0.00197662313703	0.208744621615	0.00191115461707	0.0	0.00515489467162	0.00068553520713	0.0041717429025	0.0	0.00153230612071	0.0119821398293	0.0	0.0149235474006	0.0	0.053083361232	0.0733483384086	0.0873318610721	0.0241244183199	0.000932809452469	0.0	0.00016158569428	0.0289442760839	0.000663423264042	0.0	0.0200744206845	0.0	0.000209749140029	0.0	0.00255224118679	0.0	0.0029484366429	0.163779341335	0.0	0.000499562882478	0.0	0.00839832033593	0.00259078543979	0.00364848713594	0.47872165626	0.00352156184357	0.0372756557754	0.521955777017	0.0825626740947	0.0	0.00442364951085	0.879528985507	0.73836623229	0.0	0.309333872742	0.0	0.0	0.555555555556
k__Bacteria;p__Proteobacteria;c__Gammaproteobacteria;o__Pasteurellales	0.0	0.00174482006543	0.0	0.000488376636062	0.000871658641873	0.000636546660351	0.0	8.83615248675e-05	0.00015455233915	0.000376992675571	0.00196728101056	0.0	0.0	0.000809903968529	0.00894408339232	0.000330173105042	0.0	0.000743126083726	0.0107965922029	0.000589738549243	0.00107996431422	0.000180001800018	0.00320659642694	0.00502761954083	0.0	0.000806085948914	0.0162081385547	0.00108192322673	0.0	0.000149142431022	0.000428504092214	0.00246769562096	0.000331016219795	0.0147226173542	0.0	0.00293009627459	0.00200240288346	0.00744506991102	0.0	0.0	0.00260822545246	0.0	0.000471651763781	0.00356701879545	0.0	0.00350877192982	0.000722856729796	0.0	0.00957526244125	0.0	0.00149017416411	0.0	0.00654946570148	0.000282533762785	0.00229052756022	0.0	0.000720275762721	0.000515663271883	0.000268312315535	0.00217900351242	0.0076882290562	0.00182462725472	0.00203484221048	0.000158129850963	0.0	0.0	0.0035599370165	0.0040644361834	0.000643563663836	0.00214124856942	0.000259650337545	0.0	0.0	0.0	0.000693170234455	0.0	0.000200870438567	0.00172117039587	0.0	0.0	0.00209175452978	0.0	0.000430895184746	0.000865854412765	0.00414639540027	0.000115566855426	0.000527013430857	0.0	0.0	0.0	0.0	0.000131345636041	0.0	0.0	0.000578497686009	0.00106157112527	0.000497314501691	0.000323012320613	0.00919728831124	0.00182424356797	0.0	0.0288520944026	0.0272664519098	0.0	0.016713091922	0.000441891294741	0.00833687792429	0.0	0.00705632228148	0.0	0.00165615241659	0.0	0.0	0.0
k__Bacteria;p__Proteobacteria;c__Gammaproteobacteria;o__Pseudomonadales	0.150826160998	0.0	0.0	0.0	0.0	0.0	0.0	0.0	0.0	0.0	0.0	0.0	0.0	0.0	0.0	0.0	0.0	2.47708694575e-05	0.0	0.000196579516414	0.0	0.0	0.0	0.0	5.87155963303e-05	0.0	0.0	0.0	0.0	0.0	0.0	0.0	0.0	0.0	0.0	0.0	0.0	0.0	0.128553836269	0.000447370102895	0.0	0.0	0.0	0.0	0.0	0.0	0.0	0.0	0.0	0.0	0.0	0.0	0.0	0.0	0.0	0.000331939188741	0.0	0.0	0.0	0.0	0.145281018028	0.0	0.0	0.0	0.0	0.0	0.0	0.0	0.0	0.0	0.0	0.0	0.0	0.0	0.0	0.0	0.0	0.0	0.0	0.0	0.0	0.000269963824847	0.0	0.0	0.0	0.0	0.0	0.015677704404	0.0	0.0	0.0	0.0	0.000342841470104	0.0	0.0	0.0	0.0	0.0	0.0	0.0	0.136049950707	0.0	0.0	0.0	0.0	0.0	0.0	0.000692668371697	0.0	0.0	0.0	0.0	0.0	0.0
k__Bacteria;p__Proteobacteria;c__Gammaproteobacteria;o__Vibrionales	0.0	0.0	0.0	0.0	0.0	0.0	0.0	0.0	0.0	0.0	0.0	0.0	0.0	0.0	0.0	0.0	0.0	0.0	0.0	0.0	0.0	0.000225002250023	0.0	0.0	0.0	0.0	0.0	0.0	0.0	0.0	0.0	0.0	0.0	0.0	0.0	0.0	0.0	0.0	0.0	0.0	0.0	0.0	0.0	0.0	0.0	0.0	0.0	0.0	0.0	0.0	0.0	0.0	0.0	0.0	0.0	0.0	0.0	0.0	0.0	0.0	0.0	0.0	0.0	0.000118597388222	0.0	0.0	0.0	0.0	0.0	0.0	0.0	0.0	0.0	0.0	0.0	0.0	0.0	0.0	0.0	0.0	0.0	0.0	0.0	0.0	0.0	0.0	0.0	0.0	0.0	0.0	0.0	0.0	0.0	0.0	0.0	0.0	0.0	0.0	0.0	0.0	0.0	0.0	0.0	0.0	0.0	0.0	0.0	0.0	0.0	0.0	0.0	0.0	0.0	0.0
k__Bacteria;p__Proteobacteria;c__Gammaproteobacteria;o__Xanthomonadales	0.0888755925807	0.0	0.0	0.0	0.0	0.0	0.0	0.0	0.0	0.0	0.0	0.0	0.0	0.0	0.0	0.0	0.0	0.0	0.0	0.0	0.0	0.0	0.0	4.31555325393e-05	0.0	0.0	0.0	0.0	0.0	0.0	0.0	0.0	0.0	0.0	0.0	0.0	0.0	0.0	0.0	0.0	0.0	0.0	0.0	0.0	0.0	0.0	0.0	0.0	0.0	0.0	0.0	0.0	0.0	0.0	0.0	0.0	0.0	0.0	0.0	0.0	0.00132555673383	0.0	0.0	0.0	0.0	0.0	0.0	0.0	0.0	0.0	0.0	0.0	0.0	0.0	0.0	0.000273785078713	0.0	0.0	0.0	0.0	0.0	0.0	0.0	0.0	0.0	0.0	0.0	0.0	0.0	3.45458942205e-05	0.0	0.0	0.0	0.0	0.0	0.0	0.000298388701015	0.0	0.0	0.0	0.0422280644101	0.0	0.0	0.0566801619433	0.0	0.0	0.0	0.0	0.0	0.0	0.0	0.0	0.0	0.0
k__Bacteria;p__Synergistetes;c__Synergistia;o__Synergistales	0.0	0.0	0.0	0.0	0.0	5.92136428233e-05	0.000246441993716	0.0	0.0	0.0	0.0	0.0	0.0	0.0	0.0	0.0133955945474	0.0	0.0	0.0	0.0	0.0	0.0	0.0	0.0	0.0	0.0	0.0	0.0	0.0	0.0	0.0	0.0	0.0	0.0	0.0	0.0	0.0	0.0	0.0	0.000255640058797	0.0	0.0	0.0	0.0	0.0	0.0	0.0	0.0	0.0	0.0	0.0	0.0	0.0	0.0	0.0	0.0	0.0	8.59438786472e-05	0.0	0.0	0.0	0.0	0.0	0.0	0.0	0.0	0.0	0.0	0.0	0.0	0.0	0.0	0.0	0.0	0.0	0.000205338809035	0.0	0.0	0.0	0.0	0.0	0.0	0.0	0.000309233718845	0.0	0.0	0.0	0.0	0.0	0.0	0.0	0.000131345636041	0.0	0.0	0.0	0.0	0.0	0.0	0.0	0.0	0.0	0.0	0.0	0.0	0.0	0.0	0.0	0.0	0.0	0.0	0.0	0.0	0.0	0.0
k__Bacteria;p__TM6;c__SJA-4;o__	0.0	0.0	0.0	0.0	0.0	0.0	0.0	0.0	0.0	0.0	0.0	0.0	0.0	0.0	0.0	0.0	0.0	0.0	0.0	0.0	0.0	0.0	0.0	0.0	0.0	0.0	0.0	0.0	0.0	0.0	0.0	0.0	0.0	0.0	0.0	0.0	0.0	0.0	0.0	0.0	0.0	0.0	0.0	0.0	0.0	0.0	0.0	0.0	0.0	0.0	0.0	0.0	0.0	0.0	0.0	0.0	0.0	0.0	0.0	0.0	0.0	0.0	0.0	0.0	0.0	0.0	0.0	0.0	0.0	0.0	0.0	0.0	0.0	0.0	0.0	0.0	0.0	0.0	0.0	0.0	0.0	0.0	0.0	0.0	0.0	0.0	3.19402079308e-05	0.0	0.0	0.0	0.0	0.0	0.0	0.0	0.0	0.0	0.0	0.0	0.0	0.0	0.0	0.0	0.0	0.0	0.0	0.0	0.0	0.0	0.0	0.0	0.0	0.0	0.0	0.0
k__Bacteria;p__TM7;c__TM7-3;o__I025	0.0	0.0	0.0	0.0	0.0	0.0	0.0	0.0	0.0	0.0	0.0	0.0	0.0	0.0	0.0	0.0	0.0	0.0	0.0	0.0	0.0	0.0	0.0	0.0	0.0	0.0	0.0	0.0	0.0	0.0	0.0	0.0	0.0	0.0	0.0	0.0	0.0	0.0	0.0	0.0	0.0	0.0	0.0	0.0	0.0	0.0	0.0	0.0	0.0	0.0	0.0	0.0	0.0	0.0	0.0	0.0	0.0	0.0	0.0	0.0	0.0	0.0	0.0	0.0	0.0	9.32270544912e-05	0.0	0.0	0.0	0.0	0.0	0.0	0.0	0.0	0.0	0.0	0.0	0.0	0.0	0.0	0.0	0.0	0.0	0.0	0.0	0.0	0.0	0.0	0.0	0.0	0.0	0.0	0.0	0.0	0.0	0.0	0.0	0.0	0.0	0.0	0.0	0.0	0.0	0.0	0.0	0.0	0.0	0.0	0.0	0.0	0.0	0.0	0.0	0.0
k__Bacteria;p__Tenericutes;c__Mollicutes;o__RF39	0.0	0.0	0.0	0.0	0.0480380762632	0.0	0.0	0.0	0.0	0.00166953899181	0.0	0.0	0.0	0.0	0.0	0.0	0.0	0.0	0.00192375642888	0.0	0.0	0.0	0.0	0.0	0.0	0.0	0.0	0.0	0.00495399858457	0.00357941834452	0.0	0.0	0.0	0.0	0.0	0.0	0.0249632892805	0.0	0.0	0.0	0.0	0.0	0.0	0.0	0.000407083248524	0.0	0.0	0.0	0.0	0.0	0.0	0.0	0.0	0.00141266881392	0.0	0.00305384053641	0.0	0.0	0.0	0.0	0.0	0.0	0.0	0.000368969652246	0.0	0.0	0.0	0.0	0.0	0.0	0.0	0.000340512471269	0.0	0.0	0.0	0.0	0.0	0.0	0.0	0.0	0.0	0.00410345013768	0.0	0.0	0.0	0.0	0.0	0.00622357356644	0.0	0.0	0.0	0.0	0.0	0.0	0.0	0.0	0.0	0.0	0.0	0.0	0.0	0.0	0.0	0.0	0.0	0.0	0.0	0.0	0.0	0.0	0.0	0.0	0.0	0.0
k__Bacteria;p__Tenericutes;c__RF3;o__ML615J-28	0.0	0.0	0.0	0.0	0.0014942719575	0.00476669824728	0.0	0.0	0.0	0.0	0.0	0.00236406619385	0.0	0.0	0.0	0.0	0.0	0.0	0.0	0.00102221348535	0.0	0.0	0.0	0.0	0.0	0.0	0.0	0.0	0.000648737909884	0.0	0.0	0.0	0.00105925190334	0.0	0.0	0.0	0.0	0.0	0.0	0.0	0.0	0.0	0.0	0.0	0.0	0.0	0.0	0.0	0.0	0.0	0.0	0.0	0.0	0.0	0.0	0.0	0.0	0.0	0.0	0.0	0.0	0.0	0.0	0.0	0.0	0.0	0.0	0.0	0.0	0.0	0.0	0.0	0.0	0.0	0.0	0.0	0.0	0.0	0.0	0.0	0.0	0.0	0.0	0.0	0.0	0.0	0.0	0.0	0.0	0.0010191038795	0.0	0.0	0.000274273176083	0.0	0.0	0.0	0.0	0.0	0.0	0.0	0.000410778836674	0.0	0.0	0.0	0.0	0.0	0.0	0.0	0.0	0.0	0.0	0.0	0.0	0.0
k__Bacteria;p__Thermotogae;c__Thermotogae;o__Thermotogales	0.0	0.0	0.0	0.0	0.0	0.0	0.00221797794344	0.0	0.0	0.0	0.0	0.0	0.0	0.0	0.0	0.0	0.0	0.0	0.0	0.0	0.0	0.0	0.0	0.0	0.0	0.000251901859036	0.0	0.0	0.0	0.0	0.0	0.0	0.0	0.00177809388336	0.0	0.0	0.0	0.0	0.0	0.00102256023519	0.0	0.0	0.0	0.0	0.0	0.0	0.0	0.0	0.0	0.0	0.0	0.0	0.0	0.0	0.0	0.0	0.0	0.0	0.0	0.0	0.0	0.0	0.0	0.0	0.0	0.0	0.0	0.0	0.0	0.0	0.0	0.0	0.0	0.0	0.0	0.000136892539357	0.0	0.0	0.0	0.0	0.0	0.0	0.0	0.000309233718845	0.0	0.0	0.0	0.0	0.0	0.0	0.0	0.00111643790635	0.000274273176083	0.0	0.0	0.0	0.0	0.0	0.0	0.0	0.0	0.0	0.0	0.0	0.0	0.000515539843865	0.00119098256061	0.0	0.0	0.0	0.0	0.0	0.0	0.0
k__Bacteria;p__Verrucomicrobia;c__Verruco-5;o__LD1-PB3	0.0	0.0	0.0	0.0	0.0	0.0	0.0	0.0	0.0	0.0	0.0	0.0	0.0	0.0	0.0	0.0	0.0	0.0	0.0	0.0	0.0	0.0	0.0	0.0	0.0	0.000100760743614	0.0	0.0	0.0	0.0	0.0	0.0	0.0	0.0	0.0	0.0	0.0	0.0	0.0	0.0	0.0	0.0	0.0	0.0	0.0	0.0	0.0	0.0	0.0	0.0	0.0	0.0	0.0	0.0	0.0	0.0	0.0	0.0	0.0	0.0	0.0	0.0	0.0	0.0	0.0	0.0	0.0	0.0	0.0	0.0	0.0	0.0	0.0	0.0	0.0	0.0	0.0	0.0	0.0	0.0	0.0	0.0	0.0	0.0	0.0	0.0	0.0	0.0	0.0	0.0	0.0	0.0	0.0	0.0	0.0	0.0	0.0	0.0	0.0	0.0	0.0	0.0	0.0	0.0	0.0	0.000368242745618	0.0	0.0	0.0	0.0	0.0	0.0	0.0	0.0
k__Bacteria;p__Verrucomicrobia;c__Verruco-5;o__WCHB1-41	0.0	0.0	0.0	0.0	0.0	0.0	0.0	0.0	0.0	0.0	0.0	0.0	0.0	0.0	0.0	0.0	0.0	0.0	0.0	0.0	0.0	0.0	0.0	0.0	0.0	0.0	0.0	0.0	0.0	0.0	0.0	0.0	0.0	0.0	0.0	0.0	0.0	0.0	0.00476521925363	0.0	0.0	0.0	0.0	0.0	0.0	0.0	0.0	0.0	0.0	0.0	0.0	0.0	0.0	0.0	0.0	0.0	0.0	0.0	0.0	0.0	0.0	0.0	0.0	0.0	0.0	0.0	0.0	0.0	0.0	0.0	0.0	0.0	0.0	0.0	0.0	0.0	0.0	0.0	0.0	0.0	0.0	0.0	0.0	0.0	0.0	0.0	0.0	0.0	0.0	0.0	0.0	0.0	0.0	0.0	0.0	0.0	0.0	0.0	0.0	0.0	0.0	0.0	0.0	0.0	0.0	0.0	0.0	0.0	0.0	0.0	0.0	0.0	0.0	0.0
k__Bacteria;p__Verrucomicrobia;c__Verrucomicrobiae;o__Verrucomicrobiales	0.00335987481014	0.0366848418757	0.04641004641	0.000976753272123	0.00904864685373	0.00831951681667	0.000862546978005	0.0285786417571	0.0716659196637	0.00565489013356	0.000414164423276	0.0589625921291	0.0734858681023	0.0	0.00102953477897	0.00433941795198	0.035457649395	0.138097597226	0.0142907620431	0.030155297818	0.00474245198854	0.0	0.0	0.00105731054721	0.000366972477064	0.013854602247	0.000459805349069	0.00229367724066	0.00294880868129	0.0	0.00822727857051	0.000179468772434	0.0199933796756	0.00426742532006	0.0276693146627	0.00183131017162	0.0	0.001452696568	0.0	0.512941777977	0.0603072616814	0.0083836589698	0.0208902427041	0.000548772122376	0.0	0.000404858299595	0.00337333140572	0.0	0.00565145459071	0.0156801808165	0.0	0.0	0.0567907618063	0.0	0.0681247229201	0.0318661621191	0.0135823429542	0.00803575265352	0.0	0.125406530506	0.0	0.013710770514	0.0278095102099	0.00604846679932	0.0334092634776	0.0135179229012	0.0	0.0	0.00127313681324	0.0218185845609	0.0	0.0	0.161250211948	0.000103993344426	0.0	0.0895277207392	0.00628054904587	0.000529590891037	0.0	0.0	0.0246205161546	0.0	0.0	0.0	0.00862450243255	0.0313186178204	0.0	0.0197159009929	0.0110747545935	0.000518188413307	0.0	0.00577920798581	0.0906472846956	0.0562880624372	0.00266998932004	0.0	0.0	0.000830603110147	0.00177037005052	0.0402591683966	0.0168419323036	0.000185345360188	0.00402669121031	0.0168171909063	0.0	0.00110472823685	0.0091875797533	0.0	0.0	0.0	0.0	0.0	0.0	0.0
k__Bacteria;p__Verrucomicrobia;c__[Pedosphaerae];o__[Pedosphaerales]	0.0	0.0	0.0	0.0	0.0	0.0	0.0	0.0	0.0	0.0	0.0	0.0	0.0	0.0	0.0	0.0	0.0	0.0	0.0	0.0	0.0	0.0	0.0	0.0	0.0	0.0	0.0	0.0	0.0	0.0	0.0	0.0	0.0	0.0	0.0	0.0	0.0	0.0	0.0	0.0	0.0	0.0	0.0	0.0	0.0	0.0	0.0	0.0	0.0	0.0	0.0	0.0	0.0	0.0	0.0	0.0	0.0	0.0	0.0	0.0	0.0	0.0	0.0	0.0	0.0	0.0	0.0	0.0	0.0	0.0	0.0	0.0	0.0	0.0	0.0	0.0	0.0	0.0	0.0	0.0	0.0	0.0	0.0	0.0	0.0	0.0	0.0	0.0	0.0	0.0	0.0	0.000328364090103	0.0	0.0	0.0	0.0	0.0	0.0	0.0	0.0	0.0	0.0	0.0	0.0	0.0	0.000220945647371	0.0	0.0	0.0	0.0	0.0	0.0	0.0	0.0
k__Bacteria;p__Verrucomicrobia;c__[Spartobacteria];o__[Chthoniobacterales]	0.0	0.0	0.0	0.0	0.0	0.0	0.0	0.0	0.0	0.0	0.0	0.0	0.0	0.0	0.0	0.0	0.0	0.0	0.0	0.0	0.0	0.0	0.0	0.0	0.0	0.0	0.0	0.0	0.0	0.0	0.0	0.0	0.0	0.0	0.0	0.0	0.0	0.0	0.0209883814317	0.0	0.0	0.0	0.0	0.0	0.0	0.0	0.0	0.0	0.0	0.0	0.0	0.0	0.0	0.0	0.0	0.0	0.0	0.0	0.0	0.0	0.00450689289502	0.0	0.0	0.0	0.0	0.0	0.0	0.0	0.0	0.0	0.0	0.0	0.0	0.0	0.0	0.0	0.0	0.0	0.0	0.0	0.0	0.0	0.0	0.0	0.0	0.0	0.0	0.0104042947408	0.0	0.0	0.0	0.0	0.0	0.0	0.0	0.0	0.0	0.0	0.0	0.0	0.0	0.0	0.0	0.0	0.0	0.0	0.0	0.0	0.0	0.0	0.0	0.0	0.0	0.0
k__Bacteria;p__WWE1;c__[Cloacamonae];o__[Cloacamonales]	0.0	0.0	0.0	0.0	0.0	0.0	0.00135543096544	0.0	0.0	0.0	0.0	0.0	0.0	0.0	0.0	0.0	0.0	0.0	0.0	0.0	0.0	0.0	0.0	0.0	0.0	0.000251901859036	0.0	0.0	0.0	0.0	0.0	0.0	0.0	0.00049786628734	0.0	0.0	0.0	0.0	0.0	0.0	0.0	0.0	0.0	0.0	0.0	0.0	0.0	0.0	0.0	0.00120073456703	0.0	0.0	0.0	0.0	0.000517215900695	0.0	0.0	0.0	0.0	0.0	0.0	0.0	0.0	0.0	0.0	0.0	0.0	0.0	0.0	0.0	0.0	0.0	0.00016955858249	0.0	0.0	0.00041067761807	0.0	0.0	0.0	0.0	0.0	0.0	0.0	0.0	0.0	0.0	0.0	0.0	0.0	0.0	0.0	0.000262691272082	0.0	0.000354756696033	0.0	0.0	0.0	0.0	0.0	0.0	0.0	0.0	0.0	0.0	0.0	0.000515539843865	0.0	0.0	0.0	0.0	0.0	0.0	0.0	0.0
k__Bacteria;p__[Thermi];c__Deinococci;o__Deinococcales	0.0	0.0	0.0	0.0	0.0	0.0	0.0	0.0	0.0	0.0	0.0	0.0	0.0	0.0	0.0	0.0	0.0	0.0	0.0	0.0	0.0	0.0	0.0	0.0	0.0	0.0	0.0	0.0	0.0	0.0	0.0	0.0	0.0	0.0	0.0	0.0	0.0	0.0	0.0	0.0	0.0	0.0	0.0	0.0	0.0	0.0	0.0	0.0	0.0	0.0	0.0	0.0	0.0	0.0	0.0	0.0	0.0	0.0	0.0	0.0	0.0	0.0	0.0	0.0	0.0	0.0	0.0	0.0	0.0	0.0	0.0	0.0	0.0	0.0	0.0	0.0	0.0	0.0	0.0	0.0	0.0	0.0	0.0	0.0	0.0	0.0	0.0	0.0	0.0	0.0	0.0	0.0	0.0	0.0	0.0	0.0	0.0	0.0	0.0	0.0	0.0	0.0	0.0	0.0	0.0	0.0	0.0	0.0	0.0	0.0	0.0	0.0	0.99983513766	0.0