Eigvals	49
1.02579778595	0.733669490938	0.670482920745	0.576634199273	0.481471435393	0.416821613733	0.375811111207	0.337424056882	0.305558668334	0.284729262461	0.23776310901	0.220197852853	0.2055036765	0.195845208393	0.189233695969	0.166067233729	0.156696815309	0.147855074455	0.144909180339	0.132429284852	0.123464456283	0.113704665499	0.10452294866	0.100362224885	0.0929974055935	0.0848988568954	0.0785684870152	0.0746577861473	0.062896660832	0.0594535611998	0.054637968475	0.0522211632929	0.0514170694871	0.0441863195545	0.0383168157363	0.0363348757399	0.0317173526146	0.0282142248559	0.0233668505571	0.0202292879387	0.0157826303708	0.0143971674738	0.00569026094922	0.00157809762294	0.00107419492716	0.0	0.0	0.0	0.0

Proportion explained	49
0.123299034562	0.0881857429985	0.0805908317901	0.0693103855746	0.0578719938435	0.0501012024609	0.0451718143908	0.0405577600395	0.0367275980936	0.034223941262	0.0285786947456	0.0264673827935	0.0247011694297	0.0235402390698	0.02274554726	0.0199609804891	0.0188346731795	0.0177719119549	0.0174178208217	0.0159177600046	0.0148402038598	0.0136670946976	0.0125634689759	0.0120633575196	0.0111781195899	0.0102046887154	0.00944378972996	0.00897373057398	0.0075600646287	0.0071462102937	0.00656738477668	0.00627688917437	0.00618023855637	0.00531111552057	0.00460561180038	0.00436738620518	0.003812368295	0.003391298688	0.00280865308339	0.00243152374364	0.00189704356377	0.00173051343477	0.000683959052217	0.000189684473898	0.000129116283214	0.0	0.0	0.0	0.0

Species	0	0

Site	49	49
137	-0.257015937103	-0.199052713155	0.0666939271124	-0.108288070552	0.135436807097	-0.107280927631	0.0249152182718	-0.033997686839	0.113970909414	-0.102512120066	0.0160187298748	-0.043384812332	0.0643297895613	0.0424666031883	-0.0690016093121	-0.0329475563181	-0.0380668485334	0.0490920094851	0.0446243901997	-0.0105718113594	-0.0350612690295	-0.127582758285	0.0171174447823	0.0582480382127	0.0114613797459	-0.0754497596628	-0.00161304683889	-0.00793985555361	-0.00710663851173	-0.0102448506944	-0.0372585896341	0.0283108476787	0.047711221125	0.00125276941011	0.0258012643026	0.0084068214112	-0.0364941350531	-0.00770163450467	-0.0217646278958	0.0387710940814	0.0131727325412	0.0115185137086	-0.0119377104593	-0.00247078876499	-0.00124750822143	0.0	0.0	0.0	0.0
138	-0.00633450213567	-0.119445805034	-0.0302818260998	-0.0237278312949	0.0244748213046	-0.194343368496	0.0957567055357	0.244578349043	0.209980935105	0.11092845782	0.0517340438159	-0.0649336470373	0.0369931660238	0.0564622214316	0.106786416599	0.027882003047	0.0519315588425	0.0359701673493	-0.0101436140599	-0.0762723622143	0.0302899205757	0.00523239769054	0.00919545887754	-0.0735868331971	0.012115525176	-0.000664016471029	-0.0059116758951	0.0802957123865	0.0206898802777	-0.00325203706705	-0.0370708587575	-0.0533628491969	0.00927313047008	0.00607840753998	-0.00607005080409	0.00781579182714	0.0285060671807	0.00289746744094	0.00816259684368	-0.00236878942858	-0.00471096076486	-0.00289256982562	0.000709762788326	0.00155289973149	-0.000587078573005	0.0	0.0	0.0	0.0
161	0.110673189426	0.0979180266831	-0.206604064378	-0.18160161412	-0.0553985252772	-0.147182972949	-0.0882046282043	0.0131517248765	0.0316194699206	0.036274985945	-0.0718417334658	0.00372518248646	-0.0152142576088	0.0314611377258	0.00403141715317	0.10665585968	-0.0125395269407	0.0298465888389	0.0376004927213	0.0781600091473	0.00218588081212	-0.0211232899775	0.0182986834924	0.00314311122589	0.0235825747422	0.029555036559	-0.077749129404	-0.0533463689272	-0.0122570464549	-0.00871852250242	0.0204785105204	0.0319685563039	-0.0181798945413	-0.0198088697402	-0.00661103393049	0.00828559466178	0.00864121741446	0.0480434175637	-0.027471104198	0.0297008530853	0.00436288959833	0.0255258227694	0.0193258907285	0.00543316145112	-0.00670851063695	0.0	0.0	0.0	0.0
162	0.10613014837	0.0976294967701	-0.0145645769495	-0.0650870681743	-0.0569141973673	-0.0388921812008	0.0822281930889	-0.0480989828302	-0.00140586064986	0.00605763041433	-0.0754195382084	0.0782266411375	0.0647075020907	0.053463536582	0.0309752969513	0.0246947932398	-0.16232125636	0.0303182307306	0.0321557528088	-0.0399461809727	0.00709154590557	-0.00954843699719	-0.0352825263581	0.0605067812777	0.0421447276497	0.0257942953231	-0.00067152881699	0.0210524926492	0.0265915222774	-0.00399409542613	-0.0506520399621	0.0212819061873	-0.011799174907	0.0340921986803	-0.00463058850569	0.00691875959753	0.00664569928557	0.0383767147028	0.00717945360824	-0.0131458584306	-0.00748317264934	-0.0556393702549	0.0100164963148	0.00294767398836	-0.0015856123122	0.0	0.0	0.0	0.0
163	0.0199088433461	0.0179446029431	0.0549301993678	0.0848943499715	-0.0281228226439	-0.0924154982521	-0.0421755803357	-0.0178420021985	0.141534081473	0.0157912340291	-0.0993781580428	-0.0257366272982	0.00437834087617	-0.0363384122964	-0.051810915991	-0.0452925832677	-0.0374130219363	0.0144949733032	0.0166897169144	-0.0895724767178	0.0118657446866	0.130650918018	-0.00363864794992	0.0333307584654	0.0601718031681	-0.00925930727691	-0.0267644698018	-0.0619116927375	-0.00519903830658	-0.0341011811348	0.0483959438588	6.40472046755e-05	-0.00579385787848	-0.0484904703977	-0.03210922224	-0.0111858421262	0.00751332638208	-0.0637965100577	0.00446099495008	0.0345779174908	-0.0146247070285	-0.0105119473962	0.00410639814178	-0.00821498029204	-0.00295469435984	0.0	0.0	0.0	0.0
164	0.10832182345	0.0402753883532	0.0915582362308	-0.0362459557314	0.032670324458	0.0724472570405	0.000357091587801	0.0270886914811	-0.0600549731825	0.0661710128008	-0.084290040028	-0.0560459558486	-0.0366928690274	-0.018818207278	0.0686495497213	-0.0195247261326	0.00909954934488	-0.0175941734855	-0.0104475969156	-0.0830092745937	-0.0270216728005	-0.0227607852419	0.0139322169421	0.0455304702664	0.0293466738016	0.018358230544	0.0693856734931	0.0355398795777	0.00586131595918	0.0155728153729	0.0200483929221	0.0168253550283	-0.036199084147	0.00771986196963	0.0295762505148	-0.028667279913	0.0484884336372	0.00286749299178	-0.0341148650111	0.00456064565605	-0.00199724192224	0.0493284738513	-0.00823166285537	0.00479763379348	-0.00725603341498	0.0	0.0	0.0	0.0
165	0.0575020211591	-0.042912710262	0.0975324087877	-0.0035598534893	0.0046072524243	0.115427995886	-0.0120298746367	0.0803257113958	0.0649879877458	-0.0816611669578	-0.0777088295263	0.116142452761	-0.04628982889	-0.0689054286011	-0.0608845661223	-0.0159720791844	-0.155656619422	-0.107139747045	0.00596847417603	0.0285228541638	0.0528511868025	-0.0179623112699	0.0446005573575	-0.019320706918	0.00718496471615	0.0245175493209	-0.0090935655179	0.0439492848631	0.00528053065973	0.0438675893404	-0.0467707126711	0.00429620580718	0.0584406110439	-0.0119588778511	0.0123063403838	0.0022762440569	0.040831474582	-0.027910077072	0.0233849393323	-0.00849019523604	0.020819010216	0.0142850238308	0.00613782615511	-0.00230467185267	-0.00561366054639	0.0	0.0	0.0	0.0
167	0.0284804032288	-0.186557216722	-0.000904908309895	-0.00895275223878	0.01076035463	-0.264629274554	-0.0171550907338	0.244362898463	-0.155101448549	0.0252258751709	-0.0642411324537	0.0343612004461	-0.0622683898504	-0.091445323054	-0.0664397618576	0.0118748287522	0.0350761827445	-0.0875692271864	-0.0133408204384	0.0030910086686	0.0221194555383	0.00187455366382	0.000364768626812	0.0397468517312	-0.0651481430213	-0.0214296281109	0.0540233918873	-0.0155047886839	-0.0208263260322	0.00663461820763	0.0320259622667	0.0507220768917	0.00813406494277	0.0372949708812	0.0052316461776	0.0220885441672	-0.0258115867594	0.00841126179982	0.0058637242141	-0.010821337201	-0.0206428008757	-0.0121671482066	0.00640212435479	-0.00569779936335	-0.000573591608043	0.0	0.0	0.0	0.0
168	0.111383977362	-0.543585334463	-0.500128490029	0.18819070783	-0.0518847414831	0.147896585643	0.0401069901181	-0.0951706387592	-0.0105625095742	0.0557843555542	-0.019006255995	-0.0134111550863	0.0209890745673	-0.0174242004017	0.016538773811	0.0114722745534	-0.0163821452985	0.00328706235745	0.0146645210274	-0.00648840938804	-0.00178380157576	0.0165717234852	-0.000518188249972	0.0223365118917	0.0125839881633	-0.00251567103981	0.0138850717584	0.00423124244601	0.00866747023635	0.00968689935948	0.000670755805808	0.00413848254097	0.00305397307687	-0.00240244347368	0.000954119115694	0.000150463863864	-0.000929764845392	-0.00408951692446	-0.00474557233211	-0.00178571105124	0.00156001543344	0.00149291047648	0.000243000482191	0.000708411241712	-1.88297318616e-06	0.0	0.0	0.0	0.0
169	-0.133973266235	-0.159482515049	0.0338099994847	-0.140013458067	0.26187338341	0.0149155999237	-0.0162631237777	-0.0514851531251	-0.0276564928453	0.0660863550521	-0.0423401668908	-0.0081548125564	0.0981672042012	-0.0439782012131	-0.0490495093948	-0.0764646386073	-0.0521966309724	-0.0337660105018	-0.0314534361859	-0.0286883288449	-0.0177272631173	-0.0208397080896	0.0429633977874	-0.137224669178	-0.00582288321821	0.0605137590602	-0.0654897026628	-0.0535882470867	-0.0164562842855	-0.0246282161325	0.0182377639406	-0.0124477928595	-0.0736765992025	0.0246767916587	0.028712013464	-0.0226305944899	-0.00464423604071	0.0108716256836	0.0178349439414	-0.020164404507	-0.00643445664421	-0.00457007817316	6.63892867049e-05	-0.000820832492751	-0.00033206267277	0.0	0.0	0.0	0.0
170	-0.148490962941	0.0105535295533	0.0660578551198	0.110818119608	0.0176464679339	0.0439398826368	0.159184327793	0.028073913619	0.0079113828337	-0.00992598561267	-0.0900347915872	0.00179701383636	-0.122397420952	-0.0997907250078	0.0853917851879	0.0265219676071	-0.0194484106489	0.071403177722	0.140588874489	0.0606526685204	-0.0788197095802	0.0266704320785	-0.00359225358376	0.00231914773749	-0.118030371717	0.0640814268714	-0.000109752669209	0.00749645898309	-0.0299625273884	-0.0559377830127	-0.0272600982816	-0.0470047162634	-0.00726481288324	-0.0182798760332	0.0128771613996	-0.0220624421861	-0.0141419678845	0.0103357028795	-0.00412789021445	0.0143149619636	0.00121656653487	-0.0010686304757	-0.00221008415246	-0.00423022963427	-0.00184813873469	0.0	0.0	0.0	0.0
171	-0.244277792914	-0.167698418071	0.117267054344	-0.0894611121611	0.0738412053885	-0.0435951872085	-0.0154198164752	-0.124946105393	-0.00977145666101	-0.076393345698	-0.0978662075759	0.0409459453177	-0.0373718115989	0.0934479254412	-0.0464909944646	-0.00927321886929	0.0203225830966	0.0563926625167	0.0233534077954	0.0264674449042	0.0199958185787	0.00909500197899	-0.041936596126	0.0424137192904	-0.00886479339887	-0.0710408111137	0.049542325932	0.0433178201982	-0.0145894166312	-0.034190708781	0.0326127434512	-0.0369456733225	-0.0311109800558	-0.0274651106224	-0.043012040138	0.00469772645632	0.0465804693983	0.0152035113008	0.00479526736921	-0.0513882639759	-0.00709332070156	0.0060811046432	0.0154336644115	0.00243747715447	0.00313234581616	0.0	0.0	0.0	0.0
172	-0.0457334502858	0.023747908437	0.00761873337688	0.163678273112	-0.0753772501447	-0.0386027946875	0.202638604954	-0.0179749519504	-0.114867409489	0.0246728022559	-0.0305804754495	0.210741217505	-0.105167857544	0.12768491878	-0.0506855195241	-0.0320517030653	0.035576684254	0.0914754285053	-0.128848182565	-0.0527568790915	0.0630254690097	-0.0467922631027	0.0364036665251	-0.0375833345	0.0032706218641	-0.00516541844211	-0.0226843397844	-0.0330382047881	-0.00235577976832	0.00838781350274	0.00368024246302	-0.0243395709564	-0.00715573412426	-0.0157291818037	0.0242352285074	0.00395636447729	-0.00249638150821	0.00480305127886	0.00242978415228	0.0267611712644	0.0050062601994	0.0100181657548	-0.00321408353573	-0.000704298814851	-0.00144651810831	0.0	0.0	0.0	0.0
174	-0.245991229741	-0.0628348435899	0.10534876546	0.0350328908244	0.0319301929745	-0.0170125469944	0.1372038763	-0.0170592153903	-0.00289010198857	-0.0301376963102	0.0660815998782	-0.0535208596214	-0.11004011354	-0.00100758169405	0.0422882066458	0.105500886898	0.0020427431835	-0.0209214794672	0.0188749163109	-0.0110717843942	-0.0370795938792	0.0872546779558	-0.029486283054	-0.0385684009227	0.0503210300763	-0.0483839136766	-0.0114061226577	-0.0925821896023	0.00649877493145	0.0853453877411	-0.0246004052754	0.0622247922195	0.0135475472325	-0.0104939097674	0.0146519214977	-0.036633976342	0.0144817328216	0.0141404845998	0.0248185794408	-0.00842389918047	-0.00529774030516	-0.00831836921904	-0.00417818931992	0.0093941539328	0.00203649158653	0.0	0.0	0.0	0.0
180	-0.0682787127065	0.0906907256641	0.0577748921434	0.146108297975	0.0246086624364	0.0260038581943	0.210550698534	-0.0636248429897	0.0204764900864	-0.00764116962706	-0.0146526660735	-0.0270646463812	0.0631363778558	0.0481517420256	0.00322432980373	0.0623150425555	0.0723348528429	-0.0643293283447	0.0203806724957	0.0157307768951	-0.0131141708164	-0.0432519432323	-0.0195255769745	0.0171560417517	-0.035926755839	0.0144335767903	-0.0883263086402	0.0434126691639	0.0500976807305	0.0311332153051	0.0587905110006	0.0306944913106	-0.00966633826393	0.0610501340974	-0.0193201987859	-0.00427058457243	-0.0140753040266	-0.0462592164343	-0.0277608841368	-0.0149824115402	0.0161144198484	-0.00516649618123	0.0179966461297	-0.00620221414804	-0.0026480325567	0.0	0.0	0.0	0.0
180.1	-0.00661860106377	-0.123213983476	0.17523208935	-0.0512730798847	-0.21546432599	0.0493355200824	-0.0275912937072	0.00324629376463	-0.000329148079385	0.113473657206	0.148992813072	-0.000846221411764	0.0172284885613	-0.0839143433103	-0.0678729250275	0.0338283845269	-0.0680115073683	0.0159585973219	-0.0736439182033	0.0215813216911	-0.0649709357495	-0.0114782200259	0.000193080903136	-0.0271542708255	-0.0828552107542	-0.0569915573794	-0.0208394967382	-0.0288547687047	0.0472687551338	0.0103347008732	-0.0366392933604	-0.00232282568231	-0.0405371305909	-0.0178482141673	-0.0673809409976	0.015714771816	0.0284087129705	0.00867228921837	-0.0313030949649	-0.000329762090714	0.00763410366987	0.00871372565031	0.000794115787124	-0.00527521809037	-0.00149677407559	0.0	0.0	0.0	0.0
181	0.146979083714	0.0742617033106	-0.00143135937796	-0.00460082885369	0.127272999159	0.00879956033444	0.0913599360282	0.0524299602649	0.059514956527	0.0312527418392	-0.0332561400529	0.0194792279085	-0.000735561277142	-0.0613590854072	0.028582251479	-0.0703124165227	-0.0300003475665	0.0604771499179	-0.0072782894443	0.0159148371919	0.0311487113713	0.0181894111573	0.031148739024	0.0244758457242	0.017175448504	-0.0205112486434	0.0107919311884	0.0106651543414	-0.0190815239475	0.0227618501851	0.0491284724851	0.047469900119	-0.0191998029734	0.0370634218467	-0.0646420445481	-0.0144629313725	0.0107887976579	0.0034045800456	-0.000217231664963	0.00268865350806	0.029415081632	0.0159879949446	-0.00902298946083	0.00383939628231	0.00974578178241	0.0	0.0	0.0	0.0
181.1	0.065495474602	0.0833071040033	0.0563356588612	0.0331133912321	0.0327244163751	0.0242071712642	-0.0223227355652	-0.0618683358775	-0.00352692126638	0.0908665865255	0.00157657384502	-0.118099381521	0.00527307206001	-0.0191645076886	-0.0154992667524	0.0760357256498	-0.128020609681	0.115416552919	-0.0655168932951	-0.00566579274039	-0.0132629517218	-0.00811009441301	0.0462707485931	0.0167008309296	-0.0303839785874	-0.000184935243454	0.0178960989513	-0.00166835571866	-0.0113038480077	0.0474787744319	0.0962880588098	-0.0465471300966	0.0779121437195	0.0184002140257	0.0345568232478	0.0200063497624	0.00171895177934	0.0209917097869	-0.00576029033691	-0.0108925125618	-0.0177865085007	-0.0137702895687	-0.0103299711647	-0.00413703768778	0.00207866376812	0.0	0.0	0.0	0.0
202	0.15610495686	0.0231088283672	-0.0243990392373	0.0114857299497	0.174245413234	-0.0727072018154	0.0130247575929	0.0680722411408	-0.0846120769445	-0.0151187474245	-0.0092751523831	-0.0400282016178	0.00281745437566	0.00980912902016	-0.0607999716906	0.0481791363791	-0.0112470463896	0.0100219527987	-0.0462514246716	0.0998015558392	0.00869897464075	-0.0171214273868	0.0365063483325	-0.00233940137798	0.0175130858695	0.0480678237622	0.0304071098864	0.0430433771533	0.0524433938066	0.0134436733306	-0.0137973989756	-2.56035619662e-05	-0.0269706342369	-0.101880627509	-0.017944250598	-0.0379857700512	-0.0294452663498	-0.0272317649169	-0.028182087564	-0.000216470927457	0.0160052915792	-0.0291425255172	-0.0106878936657	0.00642599769314	0.00595795511317	0.0	0.0	0.0	0.0
205	0.102649802645	0.0252713403765	0.0238927959715	-0.0461615018179	0.161980835595	0.0460480528194	0.0504084547387	-0.00575459696121	-0.144006599981	0.0418322074537	0.0082583585915	-0.0433935891813	0.101737845251	-0.00460387080009	-0.096938772509	-0.00650015173429	0.126853757255	0.0631158617441	0.0294087315375	0.0243458607978	0.0124902958533	0.0366443811837	-0.0387076553192	0.0126853189264	0.0247849746435	0.0712246554549	0.000663861382506	-0.0445977402937	0.0165186954838	0.00184272563695	-0.0645905035815	-0.00528346377257	0.0914156608925	0.0024272362058	-0.0110384740976	0.00809681149155	0.0547127070948	0.00703664909504	0.000961819201667	0.00310676505265	-0.00614041679175	0.0138050717053	0.0115437653972	-0.00822955687397	0.00310525611689	0.0	0.0	0.0	0.0
208	0.173571758677	0.034330385249	-0.0267883943993	0.0302228758134	0.148922692944	-0.00166687891815	0.00202849143192	-0.00472416888913	0.108364731048	-0.126673079544	0.0975634671762	0.0282762989677	-0.0355501041891	-0.0170506424187	0.0902594192391	-0.00561643317771	-0.00195817093398	-0.0265589038665	-0.127782255398	-0.00250463803654	-0.020907213607	-0.00826762086444	-0.0411338187507	0.0547169395579	-0.0253319635224	0.00686769556466	-0.00639786280725	-0.046553199389	0.0498657719413	-0.0444868674166	-0.00146275848276	0.00137886091112	-0.00134163824586	-0.0400531846217	0.0508704888186	0.0182608658485	0.0023738912916	-0.0136672888359	-0.0222890946684	-0.0359029810683	-0.0331951091336	0.00591002681422	0.0110219601072	-0.000918294837661	-0.00321715830658	0.0	0.0	0.0	0.0
209	0.236523777631	0.0116625147347	0.0143614006957	-0.0555536156865	0.0835856946529	0.162105086616	0.127700736781	0.0532824238747	0.126784560619	-0.0759758194248	0.0331690334951	0.00527409431372	-0.00808291009085	-0.0269532021271	-0.0608222551737	-0.0107560561631	0.0602909895476	-0.0237131281325	-0.0770538654703	0.0589710377384	0.0197011319699	0.0375739733453	-0.023592850666	0.031071139652	0.00129116781023	-0.0199890996511	0.0241577533791	-0.0520303445044	-0.0566476729991	-0.0495332312204	-0.00861577822554	-0.033731701965	-0.00102667268134	0.0582045087119	-0.0346710587274	0.010667856802	-0.0138718475217	0.0232909081736	-0.00223261079284	0.0103668138011	0.00932090486328	-0.0185016455839	-0.0129896742749	0.00807164978314	-0.00744261755801	0.0	0.0	0.0	0.0
216	0.165645936023	-0.00787924843994	0.0636232201038	-0.0203966230748	-0.0399849444021	-0.00085281866134	-0.0340153015916	-0.0196598152282	-0.087529025784	-0.0647720906559	0.0581900180868	-0.0954399483874	-0.050083441233	0.00452053212643	0.00432286941209	-0.106393062522	0.00998739177055	0.0106954831245	0.128629002168	-0.0997437767735	0.132571973154	0.00773865949155	-0.0132430990491	-0.00937080041358	-0.0257519556855	-0.00759814792749	-0.0103427619934	-0.0401285169552	-0.0146610521867	0.0560956235525	-0.0229064937554	-0.032925911897	-0.0364766132114	-0.00613301873843	0.019212628298	0.0263024631117	-0.00602739821459	0.00151996187102	-0.0570763500922	-0.0113613308626	0.0199067926136	-0.0233507236766	-0.000198396489147	0.00020715313881	-0.00228500879237	0.0	0.0	0.0	0.0
217	0.238608364275	0.00296614115141	-0.0232417117774	0.0519076516769	-0.0175164949761	-0.130833375706	-0.0369000706799	-0.0133118612839	-0.0456492195935	-0.073978473639	0.137827959483	0.00304423978429	-0.034231128841	0.0283413849908	0.013357363617	-0.0480669350897	-0.0823063050351	0.102461171283	0.0845821029312	0.0912777357129	0.0403825256634	0.00723929860249	-0.0340950602593	-0.0511017158564	-0.00599342255043	0.00304845220516	-0.0291048878343	0.000762021895988	0.00849028925636	-0.00355532957631	0.0090253990874	-0.00385422731995	0.00471036989842	0.0349992693108	-0.0120416951597	0.0122774701234	-0.0246531512462	-0.0431584157026	0.0377881010327	-0.0199908661758	-0.0167171436502	0.040044674721	-0.00135086664868	0.00612814620777	-0.000642576610639	0.0	0.0	0.0	0.0
26	0.110388571907	0.140921294216	-0.116687431796	-0.0688458474152	0.00958624224554	-0.0634253098622	-0.0145019339468	-0.157901871071	0.0461367583613	0.0955404336243	0.0715667326676	0.0498899168338	-0.0606644050442	0.0262369777611	-0.0635756685292	0.0677743079042	0.038035978718	-0.0638209733516	0.0354249463263	-0.102486880706	-0.056455952703	-0.0553038764898	0.0686247095458	-0.0336195293574	-0.0329757193096	0.0188609793188	0.0466399578547	0.0016588982773	-0.0967092317776	6.4132757722e-08	-0.0226777841737	-0.00873158644365	0.0440404415201	-0.0131647928457	-0.0446645384863	-0.0204574103384	-0.0167844091511	-0.0341644646457	-0.00295284848041	-0.0262002942067	-0.00799580543114	-0.00440816955791	0.00599723042685	0.0048489276506	-0.00206920721818	0.0	0.0	0.0	0.0
27	0.234297360525	0.0206034160743	-0.0476973800933	0.0260013873348	0.0641609650567	-0.0970939601252	-0.0237966829335	-0.1276100721	0.00115420203249	-0.163020724005	0.0987567754978	-0.070442242964	-0.102086356407	0.0345938165913	-0.0323952819531	0.0543630840142	-0.00914966126977	-0.0637525244154	-0.0252260744693	-0.0308168054966	-0.0411336847535	0.021635707905	0.0248781397669	0.0102471717529	0.0087254144564	0.00830591360472	0.00217788591415	0.05939680501	-0.0159913819274	0.00106764815591	-0.0201943277356	-0.00503219501166	-0.0606748167288	0.028794823572	0.0126080325379	-0.00987635692773	0.0250904716145	0.0322004742059	0.0272135972844	0.0360351383736	0.00794307186237	0.00493974010844	0.000479170717104	-0.0157253369113	0.00751532738075	0.0	0.0	0.0	0.0
29	-0.221571407412	0.116974308514	-0.0945497560937	0.140650243447	-0.0198329923679	0.0390688150045	-0.112548341862	0.0693532341445	0.0852879856165	-0.0907902811028	-0.00522497903551	0.0129973487722	0.0474250556199	0.000965324523034	-0.00947482155681	0.108992383071	0.0379167321591	0.0182819744586	0.0492171169137	0.0470811591248	0.0375773046977	-0.0748407859796	0.0369623099353	-0.00106613269597	0.0313510791297	0.0180811615756	0.0653341109681	-0.0675532906952	-0.00436317656088	0.026799329097	0.000978090478878	-0.00792251211181	-0.0485918902812	0.0301082689608	0.00847703629619	-0.00576528701876	0.0309361876228	-0.0215218697825	-0.00534909905525	-0.0256536848452	-0.00441943746604	-0.000738556182649	-0.0126730279257	-0.00311745542967	-0.00212530578126	0.0	0.0	0.0	0.0
30	-0.193494109582	0.130644754861	-0.063763241194	0.177140151418	0.0297577550027	0.0884583310033	-0.120566368984	0.0461201292833	0.0807093228751	-0.0106876574036	0.0267843879973	0.0850246505398	0.0165027804115	-0.0363059210234	-0.0548368842311	-0.0021127055668	0.00704912446019	0.00136458879874	0.042857822995	-0.0257264068044	0.0256819763558	-0.0235375413866	0.00988154763829	-0.0263593805018	-0.00840329238906	0.0288655106033	0.0584385869804	-0.0144487237401	0.0587127931909	0.0144605035424	-0.00105553488559	-0.0220800752267	-0.0235247492775	0.0160965115132	-0.0217807292777	0.0332427007126	-0.0081378051282	0.0194508843209	7.31974566562e-05	0.0388843767281	-0.0278823288559	-0.00193783238398	0.0105058157928	0.00237254504715	0.00817358285435	0.0	0.0	0.0	0.0
33	-0.0390620409033	0.106937054646	-0.0460330047608	0.140914536221	0.141868496634	0.135239120209	-0.0557417220515	0.109545351403	-0.0968559232612	-0.0187248471331	0.0376289184262	0.0252267923419	0.0339899359144	0.00146712060375	0.0460333155772	-0.0565324005733	-0.0317820401035	-0.0195751476078	0.0165831294886	-0.0725400658201	-0.0418079067914	-0.0454134850207	-0.0421571240568	0.0330409502948	-0.0234722866367	-0.0431689569439	-0.0885472499264	0.0409607842208	-0.0538066673881	0.0115817991054	-0.0133687170183	0.0318830806936	0.00657459185188	-0.0241316216798	-0.0357348073474	-0.0119498673308	0.00154856590197	0.0157736527021	-0.00848631942693	0.0121839689631	-0.0473244141782	0.0035142060124	-0.00236285321365	0.00524333949574	0.00317762233195	0.0	0.0	0.0	0.0
34	-0.169254092196	0.0918737557143	-0.155030581676	-0.18976534787	0.0140400300464	0.069289493647	-0.0748844141588	0.069280070485	-0.0150624783439	0.0868529216869	-0.0195871914637	-0.00773701792542	0.00206749438526	0.135548663651	0.0158892329585	0.0650708520213	-0.0522816439639	-0.0433133262369	-0.0384923406209	-0.0427000092401	0.0496651980705	0.04666013357	-0.0840926375439	0.0722961990963	-0.113589564618	0.0232525243534	-0.021146054915	-0.0368708703833	-0.0076349723045	-0.0146917952395	-0.0180173867911	-0.00659812583124	-0.0109879103225	0.00538355842008	0.0172870507295	0.011452800269	2.24474886662e-05	-0.0378574471999	0.0208338189614	0.00176906035217	0.0307043249192	0.01306804524	-0.0141334329287	0.000100179465065	0.00807716154589	0.0	0.0	0.0	0.0
36	-0.30460884092	0.00668822165256	-0.0670163457496	-0.177356114912	-0.011971443751	-0.00338444112237	0.0409730128836	-0.0714238529279	0.00513892685815	0.0100769390774	0.138458402327	-0.0131548417794	-0.0628582797648	-0.0563302879886	-0.0415470817065	-0.0595423721692	0.00260958642753	-0.056211207157	0.00163885135257	-0.021610104742	0.0524772746263	-0.00522069352779	-0.0810066070435	0.027537265576	0.0147632966848	0.0873551870218	0.0344705022999	0.0446544692044	0.06220285509	0.0195333608435	0.0626395222661	-0.0188966120982	0.0214379025433	-0.0122890974054	-0.0226494848826	-0.022759541557	-0.025186152945	0.0262173703743	0.0183961251017	0.0197194933574	-0.00199527986114	0.00436325167033	-0.0010879249177	0.00345803093104	-0.00785858440412	0.0	0.0	0.0	0.0
37	-0.222929921827	0.0310164509627	-0.00219821965541	0.0362408826495	-0.131153714491	-0.0368077283313	0.0547078463502	0.00186451226914	-0.0479811993542	-0.0417919418897	0.148115101595	0.0611384648901	0.15134663121	-0.110011656533	0.0488158709208	0.0514966390245	-0.0144961812579	0.0233871922104	-0.0360608862673	0.0133013836153	0.0926093990601	0.0368761605717	-0.0111464360127	0.0109225279911	0.0511832992887	0.0296065503852	-0.00519793648796	0.0454049242951	-0.111077388174	-0.037451167585	0.0108248512213	0.0284996528143	-0.00600207531204	-0.0336417372693	0.0203721677141	-0.00888140448459	0.00143970434337	0.00900638573325	-0.0150764643318	-0.0124685343024	0.0111601894626	0.00431220934895	-0.00241934570701	-0.00652448724315	0.00106005873357	0.0	0.0	0.0	0.0
38	0.0137177995793	0.0990173654036	-0.105753550842	-0.174923287591	-0.0665001184462	-0.0500248621963	-0.0124895848587	-0.0646802499521	0.0761647142352	0.110671059095	-0.0584314315522	0.100913204821	-0.0405210662867	-0.0842783019983	0.0710100190703	-0.0915086750551	0.0578733544079	-0.025867044542	-0.00435583976544	0.0789358875745	-0.00365921082747	-0.0146334141798	-0.0152546842624	0.0459787245829	0.0533902209258	-0.0498483004025	-0.0365543649533	-0.0120051483841	0.0105724851073	0.066388526619	-0.0374140373837	-0.0558329127784	0.000921372269801	0.0120864866048	0.0105222657519	-0.0422063379085	-0.0279288953884	0.00259424328374	-0.011257246885	-0.0208725823445	-0.018292882755	0.00416975788325	-0.00905713992103	-0.0111859011747	0.00645616741982	0.0	0.0	0.0	0.0
39	-0.0896180510044	0.109182414407	-0.0384539672014	0.0383765646238	-0.0145887811696	-0.00209441426772	-0.0332987100229	-0.160413480117	0.0196462880417	0.11952522316	-0.0595369796643	-0.112469793728	-0.122152806792	-0.094594147212	0.0149311971985	-0.0266145194886	0.0387137409319	-0.0134974333238	-0.042721432478	0.0660018744018	0.0987278302516	-0.0651634116772	-0.0337413749886	-0.0623238377939	-0.00488216678491	-0.0400813038767	-0.0134122318184	0.0401912398406	-0.00123897251624	-0.0638029307942	-0.0251833791854	0.0631923888134	0.0102472301885	0.00775429278091	0.021929363737	0.0396398609081	0.0395018681797	-0.0217388083831	0.00265889954378	0.0161916806548	-0.00890283394243	-0.0225192442025	-0.00480179950606	0.00423991778838	0.00199936865165	0.0	0.0	0.0	0.0
43	0.09375171961	0.0279016608934	0.0804236987384	0.0723740400249	-0.0420617264624	-0.0886009762869	-0.017359252035	-0.0456899983538	-0.137108484931	0.125613691338	0.0807136148207	0.0429076987572	0.0984758479521	0.0384573271551	0.019504712522	-0.0200134798454	0.00204934340356	-0.0189220864882	0.0580774921214	0.0261637786118	-0.0373279835045	-0.0190385867618	0.0155896998597	0.062516116612	0.00841227619826	-0.029776978115	0.0310681115558	-0.0126682443016	0.0426593721532	-0.0518928220626	-0.00935855079706	-0.0038060595057	-0.0249728086406	0.0208463833673	0.0126051322274	-0.0395777614638	0.0276207600617	-0.0214362292242	0.0327073044124	0.0158585158099	-0.00830072910218	-0.014816963139	-0.019096782022	0.0012645966959	-0.00761260648647	0.0	0.0	0.0	0.0
44	-0.107212482474	-0.0205450999898	0.123162927612	0.0616651332258	0.0457778276182	0.0563007023506	0.0390573586327	0.00336804035463	-0.0883461732526	0.0916250428769	0.0364715504057	-0.0440590346772	-0.0138447278207	0.112192640642	0.105866491645	0.00597581254791	-0.0576263899863	-0.172594280847	0.0351308773057	0.0778768190633	0.0285190536083	0.0353456421823	0.0898017658905	0.00334549212362	0.080257821712	-0.0290196517249	0.0111550959653	-0.0249321454603	-0.00536715824111	-0.0440375619637	0.0090795248473	-0.0511588582932	0.0218017816322	-0.00472697383782	-0.0157311863307	0.0466906680273	-0.0250441991124	0.0114384468622	-0.016737864302	0.0081203354394	-0.00179222742539	0.0130489274113	0.00708393055811	-0.000643923635329	0.0032505951809	0.0	0.0	0.0	0.0
45	-0.0455766014369	0.16678396642	-0.181254219684	0.0157526215219	0.154657338484	0.0868650251288	-0.134205516148	0.0766201469065	-0.0714856070399	-0.0044168839229	0.0203070889441	0.0290522977944	-0.0174257200737	-0.0210171691524	-0.00977583522571	0.0216854025567	0.0566472577043	0.0295742065785	0.0291659736565	-0.000258883538773	-0.0296512795725	0.0375390205372	0.013561318774	-0.0291374002666	0.00800106880472	-0.120814407999	-0.0438306349016	0.0423557245164	0.0182571890878	0.00891407355272	0.0298073859277	-0.0252506248958	0.00872508995085	-0.0286941896504	0.00883889988055	0.0140831800681	0.000577893923307	0.0170691621751	0.0303699213275	-0.00844021436824	0.0366819795222	-0.0163519659632	-0.000516336296069	-0.00538324672756	-0.0112127425258	0.0	0.0	0.0	0.0
51	-0.107935372321	-0.0686044156112	0.00725280078781	-0.282823978989	-0.0854851027499	0.169219481319	-0.05868259365	0.0699776204705	-0.0810573411009	-0.0660410443826	0.0159456156271	0.00911017023766	-0.0408805488284	0.055316520636	-0.0148113186868	0.0226503558902	0.0183901298803	0.0767838686108	-0.0355185325414	0.0402777339097	-0.0337906435672	0.0823244684662	0.0457916269208	-0.0287396802779	0.0291935207895	-0.00599256483519	0.00816158940922	0.06655661952	-0.0162985911728	0.0103689636196	-0.00899304446918	0.00428473738814	-0.0134906141718	0.0518929802097	0.0221538859076	-0.0148045922829	-0.0107727360598	-0.0544564622278	-0.0282626118233	0.0267822553124	-0.0336680771835	-0.0161739158806	0.0111745941515	0.00162148209592	-0.00100702968837	0.0	0.0	0.0	0.0
52	0.0732056238981	-0.113032604111	0.118442248709	-0.156188307005	-0.165282776148	0.125967341922	-0.0143516001136	0.0413398624053	-0.0500804722562	-0.089829095639	-0.0238802869829	-0.0478362040664	-0.0400872307656	-0.0731120255956	0.0637328075804	0.0526770030122	0.0897889749962	0.0354019514645	0.011109768592	-0.0795069546617	0.0185768028203	-0.0927391647246	0.100391445698	0.064410914318	0.0354075496952	0.0370123737856	-0.0692548838103	-0.0212239410378	0.0346922540128	-0.0371216459039	0.0152920195819	-0.00104723468506	0.00311691588223	-0.0201748342814	-0.0238821701584	0.018891904348	-0.0146177478308	-0.00236870214365	0.052534990391	-0.0146820813709	-0.000289761613704	-0.00530399451156	-0.00419731098623	0.00161940392978	0.00470497125723	0.0	0.0	0.0	0.0
55	0.168234472893	0.0436232429167	0.0303819120502	-0.0979778209564	-0.107783124388	0.0637496885074	0.0914154834597	-0.0720628754568	0.093273016247	-0.0509456125948	-0.0424122193239	-0.00401523865527	0.160096504829	0.0592764963164	0.00957912711327	-0.0304590286955	0.060564711785	-0.0489614354347	0.0414886432131	0.0408209215068	0.0708611130791	0.0446166700285	0.0706268293773	-0.0326503599859	-0.126206629387	-0.048300517543	0.0325826089973	0.0113511147669	0.00860175433754	0.0354472823835	0.0222386607228	0.0362538833632	0.00141439750898	-0.0503756407081	0.0285744273293	-0.0134601772598	-0.00285640527534	0.0245053120388	0.0259747629431	0.0151999840592	-0.0269496995568	0.00464314790093	-0.000688170645828	0.00113988888442	0.000301336523196	0.0	0.0	0.0	0.0
56	0.112380023855	0.0235932185643	0.0605150728739	-0.0824977757332	0.00259259987683	-0.0237904096448	0.0691465651702	-0.0477520703607	-0.00565945579323	0.0341840104607	0.00912204224532	0.104891411416	0.073396112758	-0.108498647767	0.00740741822786	0.0144505502146	0.0357228280711	-0.00675984297676	0.041022989518	-0.0239306346315	-0.124259046853	0.00909636889329	-0.0551354070454	-0.00835218210229	0.0338606799863	-0.011574385244	0.0374529185757	0.010663597494	-0.00897344559013	0.0264094061539	0.02218274978	-0.0157802790016	-0.0266542784355	-0.0173324191228	0.0539672837972	0.0873252139237	-0.0045356359154	-0.0262051850064	0.00952355396631	0.0140426733944	0.0235465193873	0.00293563198014	0.00797524199376	0.00936196780643	0.00605697826243	0.0	0.0	0.0	0.0
57	0.239837223299	-0.0183430075084	0.0685675396208	-0.0197954633089	-0.151932554171	0.124172582934	0.00546630415181	0.11711023962	0.00587004537952	-0.00796719150961	-0.0370107578265	-0.0253264164787	-0.00552800124367	0.0569968883318	-0.0414864510853	0.0371768630542	-0.0202400659249	-0.0366544462234	0.0400892566745	-0.00644915708941	-0.0154433102613	-0.0957580060091	-0.152066269665	-0.103203978327	0.0515271117954	-0.0366293570933	0.0310400979498	-0.0184112094737	-0.0104113843648	-0.0453164303849	0.0485765709673	-0.00892400060288	0.0207035296124	-0.0159388439984	0.0154507916461	-0.0536277674544	-0.0121046911374	0.00774783448018	-0.00186020787889	0.00290177877685	0.00348247978146	-0.00179277760442	0.00376567614943	-0.00588105042457	0.00508325430046	0.0	0.0	0.0	0.0
58	0.00254689414256	0.0106685684159	0.118519302996	0.1695244659	-0.116272053589	0.000275439684641	-0.0366898033967	-0.00278848549743	0.051672129681	0.0472303269075	-0.0959704076901	-0.0827611459444	0.0130990780488	0.0396483147141	-0.180711488404	0.0271293720393	0.0364793018089	-0.0244317138268	-0.0130396702873	0.0134545827013	-0.0236883206731	0.0486315684275	-0.0383083339801	0.0298086625311	0.0415136717289	0.0347447948511	-0.0562924660827	0.0613759107099	-0.0196130623523	0.0213191940577	-0.0371769644182	-0.0104411802098	-0.032520526494	-0.00750937846638	0.0158617624488	0.0345945336265	-0.0409175696354	0.0210615730729	0.00845385403022	-0.0260260548128	-0.0186591346354	0.020119750681	-0.0197631976657	0.00396839550359	-0.002998779184	0.0	0.0	0.0	0.0
59	-0.0018418819659	-0.0740788498761	0.154759121827	0.191167648607	-0.0554772720226	-0.0131550844622	-0.203787909949	0.00814916764597	0.073895207331	0.0668085388326	0.0556989935085	-0.0054576449072	-0.00218367794133	-0.00779056417215	-0.0290412564084	-0.0506322499843	0.04278092272	0.0113928128258	-0.0315477975961	0.0180427493236	0.00654483751437	0.0121280589954	0.0300506631176	0.0661524676208	-0.0266792591345	0.00231192932997	-0.0259710532799	0.00125714683132	-0.0135641618197	-0.0106253335658	-0.00213903974524	-0.0163272666162	0.0212836557347	0.0248722279265	0.0508124943598	-0.0692630129898	-0.00520981722235	0.0137714621776	0.00518839814253	0.00239732439529	0.0328190119628	-0.00678111169814	0.0294896760478	0.0114785789843	0.0046715229451	0.0	0.0	0.0	0.0
60	0.0364877665784	-0.121446272764	0.150274401692	0.0225094784803	0.019716175633	0.0693221401347	-0.160124846526	-0.00192493665915	0.0965786229049	0.0768940924086	0.040964499188	0.0771097815365	-0.0575131456154	0.141285496304	0.0972012353031	-0.0869389641148	0.0523089412659	0.0396737871272	0.0101795989322	0.0435324682616	-0.0608409256489	0.00476828621324	-0.0121541656811	-0.0187695168918	0.00535501273057	0.0884124022455	0.0262733862561	0.00178515469906	-0.0229948511692	0.0231078468301	0.0175693198167	0.0889833088432	0.00902379192303	-0.0172969579709	-0.013061098976	0.0351339011854	-0.00942550008383	0.014286642304	0.00221183293936	-0.00896752338891	0.0132379504002	-0.0181570048739	-0.00888959955268	-0.00976966100422	-0.0028437325577	0.0	0.0	0.0	0.0
61	-0.104998758102	0.196746491629	-0.170084777753	-0.00593074798441	-0.123510070346	-0.00337251459016	0.0467434827412	0.0344394954829	0.000774002507078	-0.0466849226938	0.00370429680807	-0.00844657840297	-0.0131199828951	0.00545738906016	-0.0681045584729	-0.0851211853737	-0.0169584473059	0.0115490148016	0.0224309265077	-0.0632638594906	-0.0651913821961	0.0764174579733	0.0686658445646	-0.0417102029704	0.0103473350631	-0.0131784621799	0.0258565817286	0.00162473688343	0.0717449626585	-0.0853655106771	-0.0119738261343	0.0550622375332	0.0330789019626	0.0182695931135	0.0175541865793	-0.00481734501265	-0.0179306060643	0.0223817782955	-0.026587765825	-0.0409629593408	0.0151868042996	0.0129580978018	-0.00566868736824	-0.000398561091917	0.00443319265299	0.0	0.0	0.0	0.0
62	-0.15651951747	0.113033439596	-0.166284117165	0.0441814056459	-0.193966096716	-0.0839056745407	0.0430911435595	0.0584957839989	-0.059961691182	-0.12117791114	-0.0475374938107	-0.152313578399	0.0448502267408	0.0395558856499	0.0363980412204	-0.165906028719	-0.0123935655332	-0.0290270930307	-0.0857084555382	0.054235668249	-0.107474324508	-0.0463601351981	-0.000428996296488	-0.00429171630595	-0.006443719801	0.0291156567886	0.0141937358893	-0.0288217782645	-0.0443533667794	0.0397757398708	0.00123953756405	-0.03048505705	0.00373627269671	-0.013124048432	-0.0194373948243	0.0126273404557	0.0306585555241	-0.0110179518983	0.0206652453757	0.00344756767961	0.00971231602692	-0.0118122644861	0.00768529969487	0.00253559974121	-0.00128166451364	0.0	0.0	0.0	0.0
74	0.0112420769175	-0.105326364698	0.0677559190796	0.0375561270879	-0.0444177904788	-0.140482075674	-0.171909439258	-0.109333228294	-0.0551450459371	-0.166647768033	-0.0953778387642	0.0969710342711	0.0555632817478	-0.0203658886714	0.0938854441009	0.0485515795363	0.0401930592801	-0.0587644018818	-0.0322584977342	-0.0227576387517	-0.01793742853	0.0450775285808	-0.0305765735478	-0.0682378659305	-0.0286243683832	0.0202916872577	-0.037596605091	0.0108979524102	0.0265519225126	-0.00649892236369	0.015316044361	-0.0324716060486	0.0621844100973	0.0294142124724	-0.0272496522072	-0.00659160427947	0.0155390941052	0.00726598343118	-0.0337796531222	0.0126097384756	0.00683475006466	-0.00453988831394	-0.0248846858754	0.00653947882004	0.00127302447312	0.0	0.0	0.0	0.0
76	-0.00273156123568	0.0641620823371	0.071058781827	0.0615210827304	0.0421599649676	0.0170977458933	-0.0710490441016	-0.0831763838866	-0.0647396098028	-0.00592460512569	-0.10878974353	-0.073166690467	0.0664203790802	-0.0397496518402	0.11739412102	0.0415980624649	-0.0101438384691	0.0559084885797	-0.0952486252277	-0.0459030215141	0.0327505576214	0.00699545884548	-0.0309998458682	-0.0359260825438	-0.000850840181436	-0.0251107719814	0.0787097451258	-0.00522156765224	0.0105752978131	0.0116875187011	-0.0659495104459	0.0120428416527	-0.00867037016866	0.0101651971148	-0.032338005647	-0.00766711563718	-0.0785838198613	-0.00105648892954	0.0229100790408	0.00354595554319	0.0127527245558	0.019649207968	0.0166371409413	-0.00390054074299	-0.00539354627551	0.0	0.0	0.0	0.0

Biplot	0	0

Site constraints	0	0
