Eigvals	49
2.35238441113	2.02500203832	0.973027086274	0.825547242758	0.636687651633	0.508868065432	0.315685709184	0.287728308815	0.20868838672	0.180872052031	0.172631493233	0.157973289166	0.135125041914	0.124814121316	0.0922631020777	0.0844520549408	0.072075016942	0.059971801818	0.0542451436804	0.0462375064053	0.0452012648957	0.0364340345091	0.0311723479592	0.0291404123729	0.0249867682251	0.0228696125404	0.0203064442856	0.0149190922104	0.0129252020339	0.0113591007308	0.00533680280878	0.00407125681258	0.00273901497659	0.0	0.0	0.0	0.0	0.0	0.0	0.0	0.0	0.0	0.0	0.0	0.0	0.0	0.0	0.0	0.0

Proportion explained	49
0.245660825733	0.211472100602	0.101613765311	0.0862123623918	0.0664896491806	0.0531413779787	0.0329672359769	0.0300476289487	0.0217934454759	0.0188885700159	0.0180280038307	0.0164972393443	0.0141111840466	0.0130344088154	0.00963508758766	0.00881937554654	0.00752683451434	0.00626288895879	0.00566485083198	0.00482860877228	0.00472039348923	0.00380482669411	0.00325534581145	0.00304314963653	0.00260938224448	0.0023882864868	0.00212061338584	0.00155800918177	0.00134978611038	0.00118623727138	0.000557325315784	0.000425163636358	0.000286036872911	0.0	0.0	0.0	0.0	0.0	0.0	0.0	0.0	0.0	0.0	0.0	0.0	0.0	0.0	0.0	0.0

Species	0	0

Site	49	49
137	-0.169325710236	0.200350434104	0.183909795065	-0.282784792404	0.218738109875	-0.0155325200569	0.00492701974373	-0.00163839219427	0.156429355935	-0.133859439001	0.0726008586906	-0.0515051027357	0.0288936520139	-0.0167730367186	-0.0279846607194	0.0170246329387	0.00689208860012	-0.0240547622058	-0.00275219201846	0.0122400931402	0.00789448145943	0.0184488310522	0.00380703956084	0.0118295927634	-0.02278342385	-0.00876362983308	-0.00687828102493	-0.000767717761175	-0.00377164346556	-0.00227857368324	-0.00637576889901	-0.00353084203488	-0.0036742254438	0.0	0.0	0.0	0.0	0.0	0.0	0.0	0.0	0.0	0.0	0.0	0.0	0.0	0.0	0.0	0.0
138	0.618302966605	0.297382496971	0.324776490068	0.234769775996	0.0424966791083	0.0954027232206	-0.0573851097094	0.0255529871484	-0.00235040689038	0.0170795422123	0.0298567984515	0.0305873850357	0.0159243075257	-0.0208782420227	-0.0559538004538	0.0413143316295	0.0592826106178	0.0168690913737	0.0375264574435	-0.0269304240771	-0.0256817868951	-0.0234810531878	0.0250587393821	-0.0148165907647	0.0129893194512	0.00926234475716	-0.0321837180274	0.00966511615888	-0.00865199639147	-0.0068066825986	0.018410605131	0.0043639235406	0.000415406921457	0.0	0.0	0.0	0.0	0.0	0.0	0.0	0.0	0.0	0.0	0.0	0.0	0.0	0.0	0.0	0.0
161	-0.11262620122	0.23284408879	-0.202766034256	0.0971579283564	-0.0683776147353	0.06451745548	-0.0398754520991	-0.103252196665	0.00272203019446	0.0122314963747	0.0912239501117	-0.0453650590814	0.00989647963605	-0.0209554617416	0.0834925301023	-0.0302618274644	-0.0157573733492	0.0473056659816	-0.0423052653521	-0.0179558018244	-0.00116972869491	-0.0242368856622	-0.0140768009876	0.0225962348633	-0.0145646206919	-0.00342490728924	-0.0450725788485	0.000841298864563	-0.0239833860164	-0.000152743784698	0.00336702165034	0.00339309579509	0.00785807044558	0.0	0.0	0.0	0.0	0.0	0.0	0.0	0.0	0.0	0.0	0.0	0.0	0.0	0.0	0.0	0.0
162	-0.20487008212	0.0696836510973	0.0288538551607	0.0269383082341	-0.144058567829	0.00357116090504	-0.0133776316467	0.0479583462529	-0.0486059711336	0.00166802037624	-0.00385330209432	0.0348581353945	0.0195018644989	0.00197562341813	0.00288081486065	-0.00908422663515	0.0272049530185	-0.0211698584445	-0.0364549447808	-0.00289228678611	-0.0193506732015	-0.00580405584144	-0.0211063311508	0.0315281019681	-0.00211304126948	-0.0321083239407	0.0267430244959	-0.0246635686091	-0.0129386960615	-0.00246860949128	0.0231884880088	0.0121085751884	0.00105264039094	0.0	0.0	0.0	0.0	0.0	0.0	0.0	0.0	0.0	0.0	0.0	0.0	0.0	0.0	0.0	0.0
163	-0.146407368281	0.0730502013919	-0.103451054777	0.0687146913211	-0.0377409101026	0.0387621589166	0.00446366801782	-0.0375728354864	0.057115466038	0.0252383309655	0.0107656530936	0.0296965723433	0.0119246404251	-0.0177347760644	0.0377337495576	0.00228480643291	0.0941476247699	-0.0450965569133	0.0170304285145	-0.00305934191401	0.00707223864521	0.0412008704611	-0.017830353739	-0.0281368944826	-0.0572305204217	-0.00136622472263	0.0125533766651	0.00939020982607	0.0328105098506	-0.0298004869563	0.00677940828562	-0.00812977680018	0.0109350531591	0.0	0.0	0.0	0.0	0.0	0.0	0.0	0.0	0.0	0.0	0.0	0.0	0.0	0.0	0.0	0.0
164	0.152196162507	-0.0289664368342	-0.105861431563	-0.0227539433591	0.115249127988	0.0782864669927	0.0835190605948	-0.164759430782	-0.0608895306416	0.110857163293	-0.0192748145318	0.105688951598	-0.0426196237361	0.0232821254142	0.028068117848	0.0326948867195	-0.00119910825104	-0.103247882788	0.00782347817579	0.0393240201396	0.0451771303501	0.0372760478223	-0.00638046923738	0.014774831252	-0.0127997170762	-0.000184292655599	-0.0364087593792	-0.0159577952451	-0.0133285950889	0.0166273837439	0.00574217572126	0.00128805867111	0.00262692763795	0.0	0.0	0.0	0.0	0.0	0.0	0.0	0.0	0.0	0.0	0.0	0.0	0.0	0.0	0.0	0.0
165	-0.145244777738	0.0413044646951	0.0392779902031	0.0165915212226	-0.0945439771288	0.0129762912178	0.0563999883034	0.00939143751049	-0.022560628846	-0.0201806498317	-0.00969310756218	0.0160698225388	-0.0272693370997	-0.0346547139724	0.015568310087	-0.00541206182669	0.0213062541306	0.0157373044054	0.0305399853989	0.00834350645891	0.0208830457913	-0.00680111529813	0.0166687695465	0.0379364519893	0.00156758935804	-0.0191569496047	0.00233343237024	0.0586756056103	-0.0222643717652	-0.018776600563	-0.0196519597628	-0.0196365619739	0.0183760142246	0.0	0.0	0.0	0.0	0.0	0.0	0.0	0.0	0.0	0.0	0.0	0.0	0.0	0.0	0.0	0.0
167	0.533041259885	0.327847267018	0.306904517654	0.34173341008	0.173837050717	0.00857709600987	0.0276207613119	0.0821179051577	-0.0360814265619	-0.0257664759127	-0.0548668981918	-0.0141124402326	0.0125680798051	-0.0358418660845	0.0771368912874	-0.00825334496674	-0.0533171341956	-0.0255207554857	-0.0140343584093	0.00362392369083	0.0352272154915	-0.00342282455105	-0.00980875026834	0.00683817672516	-0.0194984456626	-0.0102367957087	0.026205805783	-0.0119121389777	-0.00808039530624	0.000343320544108	-0.0159598869965	-0.00320016304524	-0.000523813227186	0.0	0.0	0.0	0.0	0.0	0.0	0.0	0.0	0.0	0.0	0.0	0.0	0.0	0.0	0.0	0.0
168	0.853671442581	0.32145882835	-0.164366731227	-0.436278952058	-0.351285891153	-0.208309980331	0.0244654813546	0.0419326033793	0.0511683384294	0.022834808287	-0.0448995598349	-0.0487149871193	0.00239119412511	-0.0298295908198	0.0282235168896	-0.000461110412687	0.00217416338287	-0.0127357352707	-0.00877041333923	0.00450752822053	0.00423789772718	-0.00363512169208	-0.00213353566007	0.00230368414428	-0.00330428551535	0.000236277193498	-0.00247691232985	-6.69218544898e-05	0.00325185212912	-0.000643783744351	0.000261348555363	-0.00135753125125	-0.00102060481031	0.0	0.0	0.0	0.0	0.0	0.0	0.0	0.0	0.0	0.0	0.0	0.0	0.0	0.0	0.0	0.0
169	0.109848654681	-0.137302514721	0.126538109814	-0.272457149724	0.24085037002	-0.0153521391679	-0.00927245947441	-0.153512731709	-0.0718416807769	-0.0100951402492	-0.0754325727701	0.0660344464313	0.0360661900802	-0.0607985626467	0.0799667030326	-0.000593800701041	-0.0409992277003	0.0382063199525	-0.0162144342166	0.010978391878	-0.019620066437	-0.00675024766689	-0.00713865342405	0.0078702528132	0.00937286677208	0.0133468199145	0.0132381050217	0.00109560722106	0.0179370399511	0.00682889797028	-0.000441656419198	-0.00707098348957	-0.000158403445026	0.0	0.0	0.0	0.0	0.0	0.0	0.0	0.0	0.0	0.0	0.0	0.0	0.0	0.0	0.0	0.0
170	0.0833647930767	-0.077410184815	-0.211756915193	0.0211212759476	0.124413049488	-0.183248492792	-0.0498483178383	0.115741216653	-0.00393126107782	-0.0109648435717	-0.0570701441061	0.163621907757	0.0250843970401	0.071571295817	0.0104396232754	-0.0465180019554	0.0546104990307	0.0343540031745	0.00438521007571	-0.0636358100136	-0.00956973105708	0.0263548511032	-0.017569454712	0.000551744526253	-0.0027554119465	-0.0103399950084	0.00592523497945	-0.00662793721672	-0.00699648467399	-0.00554621481669	-0.00758473867765	0.00525883952813	0.000162559988602	0.0	0.0	0.0	0.0	0.0	0.0	0.0	0.0	0.0	0.0	0.0	0.0	0.0	0.0	0.0	0.0
171	0.0748657632685	0.216331030265	-0.18589616759	0.0317832527423	0.248417277916	-0.26540290512	0.0644901578633	0.00151352371169	-0.0209607954933	-0.0477048688715	0.193606627968	-0.0211317784418	0.0268347971703	0.0367035708701	-0.0434943628191	-0.0334460139426	-0.00940146163252	-0.012815954182	-0.000317277029101	0.0188814183362	0.00133241641108	0.00261377924616	-0.00788339387725	0.0073934887561	0.0148499232468	0.015609924916	-0.0125448039666	0.0140837418624	-0.00839723566574	-0.00221098405567	0.00859401642664	0.00137062610412	-0.0028965709964	0.0	0.0	0.0	0.0	0.0	0.0	0.0	0.0	0.0	0.0	0.0	0.0	0.0	0.0	0.0	0.0
172	-0.192172716982	0.0409218015582	-0.00321236122162	0.0537714100746	-0.117866708742	0.0125063740925	0.0248004148883	0.0986118652454	0.0212412328065	-0.0137688108181	-0.0825088074461	0.0536341130678	0.00507075643374	0.0527376132031	0.0217237881489	-0.0018937074992	-0.00770140111533	0.0357921925146	-0.0419609703251	-0.0155657148869	0.0261203530303	-0.0105615302379	0.047556486457	-0.0325469084971	-0.0443781791106	0.056632411234	-0.0151879561238	0.013204203997	-0.0112003904777	0.0292867445852	-0.000888236237858	0.00353714056948	0.00194181016887	0.0	0.0	0.0	0.0	0.0	0.0	0.0	0.0	0.0	0.0	0.0	0.0	0.0	0.0	0.0	0.0
174	0.0601522700655	0.0709851739121	-0.176892847172	0.0375758747766	0.0951886210701	-0.153856269232	0.0796820499285	-0.0445320554376	-0.105608419922	-0.0470303861717	0.0266816196606	0.0434020795883	-0.0764608371167	0.0565646812162	-0.0502238799364	0.0460638189654	0.0343011530232	0.0591676388064	-0.0103867465459	0.013457124959	0.0227809925539	-0.0461518108296	0.00609624949575	-0.00838021862505	-0.0103195590484	-0.0112709330274	0.0114081496787	-0.0115559080812	0.0251552684348	0.0073568570734	-0.020924100173	0.00540102808389	0.00428804734151	0.0	0.0	0.0	0.0	0.0	0.0	0.0	0.0	0.0	0.0	0.0	0.0	0.0	0.0	0.0	0.0
180	-0.0104731221298	-0.174924669049	-0.0660858781052	0.0341094697468	0.0822144970597	-0.0310787123253	-0.0178580227196	0.171285797256	0.0786887678597	0.0376785808788	0.0574518362142	-0.00429956862463	0.010859127176	-0.0155473093212	0.0229341246199	-0.04629430675	0.0212491434162	-0.0144635100712	0.00905315452321	0.0534401064109	0.0332247203723	-0.00351863415117	0.0167738561695	0.0254089985081	0.0209364468737	0.0202740546374	0.0470557850596	-0.00680781764193	-0.0263440743025	0.030487078831	0.00932199021348	-0.00202397786143	0.00305061717378	0.0	0.0	0.0	0.0	0.0	0.0	0.0	0.0	0.0	0.0	0.0	0.0	0.0	0.0	0.0	0.0
180.1	-0.161305322301	0.150522229978	0.0438146713313	0.0100513393755	-0.0569496697207	0.0102645969579	0.0892499047519	0.161239590973	-0.00906174000038	0.0304372328213	-0.00187702518975	0.056804713563	-0.0750414786328	0.0189617949451	-0.0487286869139	0.0133859133863	-0.0743312509956	-0.0501127888337	-0.00659614375133	-0.0374857008038	-0.0558797591893	-0.0348065438194	-0.0264369100325	0.0427692012048	-0.0113984692161	0.0159267100468	-0.00774636541659	-0.0159037568933	0.0235239985295	-0.00484470860038	-0.00718637817546	-0.00538312325381	0.00400443462656	0.0	0.0	0.0	0.0	0.0	0.0	0.0	0.0	0.0	0.0	0.0	0.0	0.0	0.0	0.0	0.0
181	0.212762756266	-0.420269791255	0.0336961315257	-0.0116420237236	-0.067718191311	0.00602304038203	-0.141206721449	-0.027976681255	0.0157630837338	0.00291604160956	0.10566891966	0.0993755784719	-0.105414431773	-0.153172443374	-0.0457283667465	-0.0553603357394	-0.00923124221299	0.0162530045781	-0.0121149285343	-0.00848136778507	-0.0103093124332	0.00628684924731	0.0233700903136	-0.0132533363849	-0.0175549921333	-0.0176345759883	0.00641140693783	-0.0180185877462	-0.0131312793666	-0.00318436350646	-0.00348624172338	0.00756645078546	0.00625156714756	0.0	0.0	0.0	0.0	0.0	0.0	0.0	0.0	0.0	0.0	0.0	0.0	0.0	0.0	0.0	0.0
181.1	-0.0540240988278	-0.143167274539	0.0173234764103	-0.0187142919123	-0.00920574512569	-0.00821411287155	-0.011978798729	0.0196936529744	0.00244574635554	0.0196872514931	-0.0180648509832	-0.0417657436225	0.0095060698888	0.0183007054141	-0.0343358160823	-0.0456895716295	-0.0249933722335	-0.0439110434077	0.0686682208376	0.00299841405775	-0.0897561110119	-0.00442783085296	-0.0406224909085	-0.0212079110713	-0.00705979324329	0.0162393661238	-0.0295547517316	-0.0216034976505	-0.0249923290532	0.00480649428768	-0.0174284985588	-0.00789222132735	0.0071283413856	0.0	0.0	0.0	0.0	0.0	0.0	0.0	0.0	0.0	0.0	0.0	0.0	0.0	0.0	0.0	0.0
202	-0.109700260995	0.0229245783965	0.0443225478452	-0.0169582623957	-0.0440661326286	0.00268252131865	0.0786266428754	-0.0201603916485	-0.0128901127904	-0.00361783925685	-0.0065033506485	0.0626404682115	-0.0619138384365	-0.0451806601868	-0.0141187731489	-0.0187194632709	-0.0998734993375	0.0621615716127	0.010650018776	0.0190651595937	0.0378583132566	0.0300816776961	-0.0525988414287	-0.029909047454	-0.0213891074328	0.00333122363225	0.00124189122028	0.020801963621	-0.0197065680847	-0.0101790808093	0.00755191806859	0.00436009220814	-0.0102235519506	0.0	0.0	0.0	0.0	0.0	0.0	0.0	0.0	0.0	0.0	0.0	0.0	0.0	0.0	0.0	0.0
205	-0.123627137346	-0.125550985701	0.0367951662358	0.0175000185937	-0.0889971021158	0.000461785098887	0.0013936829807	-0.0466120808465	0.04934047122	-0.0793443522714	0.00653108347057	0.00198931906864	0.0468885796132	-0.0252451602827	0.0333382525771	0.00252215340181	-0.0150824620111	0.00778630414576	0.0231462178156	-0.00552674035905	0.00687117235447	-0.0291642634468	-0.028705832736	-0.0276662668521	-0.00110986175463	0.00979112968714	0.0255661624676	-0.040997885275	-0.00733854411332	-0.01033815134	-0.0040632632794	-0.0117488644379	-0.0102156679236	0.0	0.0	0.0	0.0	0.0	0.0	0.0	0.0	0.0	0.0	0.0	0.0	0.0	0.0	0.0	0.0
208	-0.0544934404484	-0.165295367535	0.0165776492649	0.00633593144431	-0.0544899854015	0.0167816667037	0.0440307178981	-0.0223846661592	-0.0519190853892	-0.0335093321925	0.000452768094027	-0.0642378360877	0.12737089261	-0.039316504298	-0.0188320899127	-0.0140121946265	0.0452218723619	0.0354270219271	0.00920010410058	-0.00182990374044	0.00161147142515	0.025719703905	0.000337812126436	0.0395637700769	-0.0473824330382	0.0102370728202	-0.0142743099125	-0.0292907341079	0.00361934192335	0.0256141048401	0.00186099464022	0.00171590470763	0.00533535452723	0.0	0.0	0.0	0.0	0.0	0.0	0.0	0.0	0.0	0.0	0.0	0.0	0.0	0.0	0.0	0.0
209	-0.0315754518305	-0.0249615071067	0.104477779354	0.0735942086671	-0.0547813179395	-0.00540815538124	0.122378111846	-0.0988362923812	0.0191193855901	-0.0854592805004	-0.0499661545147	-0.00608050008447	0.0165121964432	-0.0072993098194	0.00385662445872	-0.062831951486	-0.0346541917427	0.0393462036237	0.00820176680527	0.00548398767239	-0.0425205377515	-0.000334873755786	0.0101338316173	0.0497132143272	0.0215891926546	0.0326467845822	0.00420297543046	0.0124110153958	0.0274777624082	1.55195747713e-05	0.0149323499574	0.0110231884187	0.0102629313113	0.0	0.0	0.0	0.0	0.0	0.0	0.0	0.0	0.0	0.0	0.0	0.0	0.0	0.0	0.0	0.0
216	0.274111473791	-0.429379812927	0.132763638168	-0.112389857908	-0.0589205667778	0.155266695587	0.235022291377	-0.0363906132178	0.00459337246369	0.0734746730112	0.0923338759468	0.00561392654215	0.00848826616941	0.105090256281	0.0165011584875	0.0238400853293	0.00117252322338	0.00744926798657	-0.0133362897391	0.00234979206052	-0.0262549708431	0.0108500895174	0.018235591994	-0.00864085114136	0.0329114719372	-0.0165956128424	0.0145053936415	-0.000229494668244	-0.00680538878812	-0.000752918585776	-0.00933144845611	0.0108833234958	0.00490807129113	0.0	0.0	0.0	0.0	0.0	0.0	0.0	0.0	0.0	0.0	0.0	0.0	0.0	0.0	0.0	0.0
217	-0.0399745133039	-0.274980620949	-0.0514299108672	0.0741602319165	-0.0234322327062	-0.0920942490797	-0.147085452455	0.0176087913156	-0.00971812497099	0.0198040145138	0.0482657415868	-0.0753250940832	-0.0295515135122	-0.0191679453031	-0.00961012312758	0.100083560232	-0.0576658826322	0.00428701581928	-0.0872653251892	0.00556085852373	-0.0127693246659	0.0214610989229	0.032398848013	0.00198211740294	0.00990400796859	0.0072656516748	-0.00249750412184	-0.00938447873301	0.00110404488369	-0.00906902568022	-0.00078749601857	-0.0141642858633	0.0110949048631	0.0	0.0	0.0	0.0	0.0	0.0	0.0	0.0	0.0	0.0	0.0	0.0	0.0	0.0	0.0	0.0
26	-0.0360164718644	-0.0658766195742	0.0402193191136	-0.0435003367005	-0.0428727801905	0.0776377345539	0.00497238836322	-0.0221627969476	0.0687012057353	0.0493650852076	-0.047742743467	-0.0513686311711	0.0740920326461	0.048540264099	-0.0882552336732	-0.0458311201856	-0.0312314822268	0.00758708899547	-0.0355439342696	-0.0181406693259	0.0647407047579	-0.0030341838539	-0.00911975664808	-0.0413494007468	0.0124987593785	0.00931745997465	-0.017620013415	-0.000466308327912	-0.0120210751407	-0.00892924126467	-0.0114307888169	0.0107811008297	0.0027171510817	0.0	0.0	0.0	0.0	0.0	0.0	0.0	0.0	0.0	0.0	0.0	0.0	0.0	0.0	0.0	0.0
27	0.149134502624	-0.0341029582819	0.101883816627	0.149196058079	-0.0102537319924	-0.0869008120883	-0.149661128863	-0.10305619734	0.0285238231188	0.0275273278933	-0.087922180403	-0.0537208284616	-0.0288989125827	0.107460896186	-0.0375805460361	-0.0118410950587	0.0220555214052	-0.00153299714455	-0.0452263136965	0.032721390024	-0.00438750355077	0.0356352703424	-0.0161324480002	0.00817896481977	0.00746882843361	0.0209011538345	0.0121454806612	-0.00513758893497	0.00985302810432	0.0121316683649	0.000384178863694	-0.0133857208396	0.00277647771533	0.0	0.0	0.0	0.0	0.0	0.0	0.0	0.0	0.0	0.0	0.0	0.0	0.0	0.0	0.0	0.0
29	-0.015652321553	-0.246511613192	0.002861356474	0.0428588015033	0.00400772168504	-0.0328575841258	-0.0285630818071	0.103587580288	0.00775894697611	-0.0598085080604	-0.0556691027028	-0.0679330626858	-0.0996009994994	-0.0134364551941	-0.00736047734296	0.0233792649574	-0.00152785043706	-0.000601131892441	0.0307891328454	0.070643763705	0.0392176624783	-0.0362172768391	-0.0450538573953	-0.0113328397111	-0.00213950255892	-0.0154396466274	-0.0379351725636	0.00354792261342	0.0273933492391	0.00609113063692	0.0177224766282	0.0124044916381	0.00543759460916	0.0	0.0	0.0	0.0	0.0	0.0	0.0	0.0	0.0	0.0	0.0	0.0	0.0	0.0	0.0	0.0
30	-0.0203061549029	-0.250614260106	-0.00471785302257	0.0109811576474	0.0150636999508	-0.000375442050233	0.0559791167275	0.109569946469	-0.0620025387821	-0.0272566565281	-0.0415494752062	-0.101056158971	-0.000255001266645	0.0223166799359	0.0474530661349	0.074735794103	0.0410148908257	0.0426563262327	0.038463523792	0.045487319934	-0.0314887885599	0.0123204684321	-0.00530416017103	-0.0195950819723	-0.0131990337873	-0.0300767884487	0.000468049092855	0.00261509623368	-0.0212521353988	0.00179326370122	-0.00720964204975	0.00266514463479	-0.00227124108681	0.0	0.0	0.0	0.0	0.0	0.0	0.0	0.0	0.0	0.0	0.0	0.0	0.0	0.0	0.0	0.0
33	0.0304888657865	-0.221484929286	-0.0612777211073	0.0175228921242	-0.00347935122147	-0.0739636565943	-0.0465110582862	-0.0874629407443	-0.126849386768	-0.0634425407966	-0.0621215371307	-0.0277954087091	0.0119488361364	0.00576564404358	-0.00840498320538	-0.0306740347174	0.0414263292996	-0.0258392762703	0.0225370327336	-0.0185320687997	0.0276452987232	-0.0272997890052	-0.0136203898006	-0.0116099744645	0.0480515454606	0.0361363182401	-0.00531955057594	-0.000900183089425	-0.0229851633995	-0.0312573970763	0.00638315192267	-0.00880825580433	0.000827017911095	0.0	0.0	0.0	0.0	0.0	0.0	0.0	0.0	0.0	0.0	0.0	0.0	0.0	0.0	0.0	0.0
34	-0.101949227215	0.130775800242	-0.193531186477	0.0298775526884	0.000713527188323	-0.0116875849632	0.0303163958055	-0.0859503025723	0.0298508027024	-0.0664624408642	-0.0926360767409	-0.0059932649692	-0.0114002122396	0.0485864200446	-0.0258654563665	0.0856758803147	-0.0468988833413	-0.00612026399448	0.0268109810577	-0.0283101878543	-0.017358196513	-0.00240391653807	0.0475825712924	0.0304226166898	-0.0230301130624	-0.0267701169458	0.00446759456761	-0.00704324706194	-0.0376494032911	-0.00900183305568	0.0156110854299	-0.000195152905662	-0.00913997164738	0.0	0.0	0.0	0.0	0.0	0.0	0.0	0.0	0.0	0.0	0.0	0.0	0.0	0.0	0.0	0.0
36	0.0227836944899	-0.142920548982	-0.0335670822384	-0.00652839397068	0.108583318292	0.008583701699	0.0925248695591	0.0656148009456	0.0420258367492	-0.11872440796	-0.0813416408756	0.0689351737195	0.0780356842243	-0.0478017332966	-0.0418522630058	0.00652761242696	-0.00550927418242	-0.0481812011647	-0.086409243865	0.0158884307039	-0.0433260823693	0.0171655966979	0.015131946858	-0.0491656878352	0.013550735618	-0.0288434055396	-0.0144605362279	0.0171411333578	0.00510459504397	-0.00553314119171	0.00931503384522	-0.00186396579105	0.00330010682178	0.0	0.0	0.0	0.0	0.0	0.0	0.0	0.0	0.0	0.0	0.0	0.0	0.0	0.0	0.0	0.0
37	-0.190498813084	0.198420615489	-0.191821717213	0.104148768149	-0.0196846750795	0.0350816883979	0.0696098618666	0.00602878856741	0.0651000075245	0.0392317957552	-0.0507362792197	0.00396505191984	0.00653221055968	-0.152429846178	-0.0306871571276	0.0990553514177	0.0406235021844	0.0141228365659	0.00224177888364	-0.0428063669133	0.0125484341712	0.0318594096993	-0.0427374411684	0.00973087927709	0.0702105024679	0.00904834133783	0.000645611884597	0.00102379681812	0.00106523458026	0.0294472521976	-0.00989770442877	0.0014876174637	-0.00197421614556	0.0	0.0	0.0	0.0	0.0	0.0	0.0	0.0	0.0	0.0	0.0	0.0	0.0	0.0	0.0	0.0
38	0.0647778409343	0.227402414571	0.0382063921338	0.112491397705	-0.0165063070849	0.0322469105959	-0.0442826633745	-0.145356159726	0.0889228912402	0.0440191881428	0.0125964449822	-0.0359971373902	0.0433986296345	0.0262800897321	-0.0724648950767	-0.0111741785016	0.00499886651455	0.0374709686485	-0.00208116204463	0.0128473221264	-0.0100813338458	0.0059188492167	-0.0329657966075	0.00438686082382	-0.0142888221551	-0.0340057153337	0.0256076535298	0.00213699111764	0.00710177706373	-0.000346273448532	-0.0112839426542	0.010360088589	0.00258877825119	0.0	0.0	0.0	0.0	0.0	0.0	0.0	0.0	0.0	0.0	0.0	0.0	0.0	0.0	0.0	0.0
39	-0.0873791280033	0.0344023204169	-0.231666050378	0.0991777579076	0.122968874071	-0.0892103880314	0.00707882978701	-0.00399222802332	0.0887747443785	0.198499102555	-0.0656818004806	-0.0186238047694	0.0411556304225	-0.0416281029154	-0.0177124860147	-0.0397016426753	-0.0560142068636	0.015923158868	0.0707061867511	0.0345456752699	-0.0256473615763	-0.0159692617825	0.0540447391231	-0.0198417966811	-0.00141352455327	-0.00857615053599	0.0103886251469	0.00764716147487	0.0160245964354	-0.00473968238367	0.00566635477343	-0.00432414002414	-0.00162610605193	0.0	0.0	0.0	0.0	0.0	0.0	0.0	0.0	0.0	0.0	0.0	0.0	0.0	0.0	0.0	0.0
43	-0.182865480726	0.192374410615	-0.0529500406183	0.0338903602234	-0.0933705535837	0.0157016066013	-0.025517376496	-0.00621879404372	-0.0736736424077	0.0587794437249	0.0402522202067	0.00769199408327	0.0605544917466	-0.00272026572525	-0.00752106976266	0.0665967925111	-0.0149661617858	-0.0318105836686	-0.0300170878297	0.0387076949585	0.00274069320205	-0.0354269200781	-0.00727855581056	-0.00796322447939	-0.00336642883912	0.0256851651538	0.042366203227	-0.000220099291927	0.000987418435458	-0.0331897052915	4.22056456517e-05	0.0123383550952	-0.00232267355231	0.0	0.0	0.0	0.0	0.0	0.0	0.0	0.0	0.0	0.0	0.0	0.0	0.0	0.0	0.0	0.0
44	-0.208646329045	-0.0284872438489	0.0717148340488	-0.101225390932	0.158677296925	-0.049785747483	-0.0568135458797	-0.0172067356759	0.0794139978199	0.0551873243313	-0.0170955234845	-0.0303346658545	0.0104983004411	-0.00517342879505	0.120690657047	0.0148213084699	0.0249783253694	0.000143904459247	-0.000727402403639	-0.04212580902	-0.00453047776784	-0.0655682911304	0.0107451415734	-0.0212648917109	0.0143439619121	-0.0135340934628	-0.0117569543549	-0.0118673722091	0.00550948463922	-0.00608744862603	0.00122970874747	0.0145578315538	0.00669968475936	0.0	0.0	0.0	0.0	0.0	0.0	0.0	0.0	0.0	0.0	0.0	0.0	0.0	0.0	0.0	0.0
45	0.0651560266332	-0.296850569559	-0.0289705530478	0.0149155850329	-0.0197065248963	-0.0381258427021	-0.136542605041	-0.0373040017525	-0.125716960908	-0.0147121169627	-0.0432746926485	-0.0712942119352	0.00331743081646	-0.0239193976877	-0.0255615124328	-0.023703738773	-0.0113469361637	-0.0386045092705	0.0168813074966	-0.0375860399943	-0.0144755125374	0.0169781343625	0.0150882384693	0.0214763497634	-0.0128764271354	-0.0246717309729	0.0123693890963	0.034444896338	0.0100578628696	0.0135268621713	-0.00600441824695	0.0142845155002	-0.0154268926782	0.0	0.0	0.0	0.0	0.0	0.0	0.0	0.0	0.0	0.0	0.0	0.0	0.0	0.0	0.0	0.0
51	-0.116850563655	-0.101408237845	0.030526133218	0.0572698792269	-0.0872487844889	-0.0259191214274	-0.0767295119708	-0.02260867383	0.0828301717689	-0.0852493439155	0.0213666969287	0.0165060079482	-0.00946011262028	0.0054035642171	0.0365734988303	0.0141975607095	-0.0137151078823	-0.0827750053146	0.0390554540337	-0.00676225902598	0.0327539922275	0.0102040745093	0.0349228453259	0.0202595950646	0.0101419074205	0.0261748641251	-0.00997135750045	0.00808361856491	0.0132402670218	-0.00450096556107	-0.0235983550163	0.0217673561751	-0.00441726329433	0.0	0.0	0.0	0.0	0.0	0.0	0.0	0.0	0.0	0.0	0.0	0.0	0.0	0.0	0.0	0.0
52	-0.0802670972338	-0.0512767253502	0.0600388920854	0.04397944301	-0.0652295423303	0.00127168957109	-0.0360510059043	-0.0106981338886	0.102128663435	-0.012289998061	-0.00182554563474	-0.00261513556264	-0.059218848355	0.100038650039	0.0345955139283	-0.041339318265	-0.0296249436075	-0.0104309854784	-0.00387060471383	-0.0478644460345	0.035969134957	-0.00705179904088	-0.0170214800348	0.00770482923326	0.0298268431308	-0.057222519834	0.00406350282414	0.00509977462908	0.00647518564013	0.0122096870611	0.011483691042	-0.0128910546895	0.000567311555345	0.0	0.0	0.0	0.0	0.0	0.0	0.0	0.0	0.0	0.0	0.0	0.0	0.0	0.0	0.0	0.0
55	0.206974867243	-0.457278044951	0.0404905943323	-0.0572558003585	-0.0246706737416	0.0988800195433	-0.068056001568	0.0186518323507	0.0915115071834	0.0167594476421	0.069032571842	0.0979620186208	0.0612200667678	0.0445979692158	-0.0205039632265	0.0864181447594	0.001868718148	0.0374474033076	0.0373912870864	-0.00911980830421	0.0196843401277	-0.0293026300009	-0.0225921277978	0.0318011453424	-0.0163875428607	0.024335788346	-0.00191206402671	0.0172298663207	0.0138739142208	-0.0022482851075	0.00835441514989	-0.0140562008502	-0.0108451291342	0.0	0.0	0.0	0.0	0.0	0.0	0.0	0.0	0.0	0.0	0.0	0.0	0.0	0.0	0.0	0.0
56	-0.166392413435	0.0915114230808	0.0118244361095	0.0425507447835	-0.116626271757	0.0482061722637	0.0117534719829	-0.0517262075777	-0.0543901110564	0.0144659938692	0.029989533454	0.0421464269511	0.0431664928414	-0.0281106123402	-0.021618744426	-0.0467621894251	0.0417774691118	-0.0290242544461	-0.0399624085627	0.0349626740512	-0.00458446923356	-0.0770642218992	0.017932172063	-0.00701399191623	0.000189349741024	-0.0308626089225	-0.0237876437243	0.00668084421351	0.00925138865529	0.0270342330335	-0.0099419442814	-0.0174040214146	-0.0173499454361	0.0	0.0	0.0	0.0	0.0	0.0	0.0	0.0	0.0	0.0	0.0	0.0	0.0	0.0	0.0	0.0
57	-0.194898511212	0.222793262102	0.0633371008834	0.0323768884869	-0.248402031787	0.00737439421201	-0.0602536492167	0.0513127358501	-0.0931424816492	-0.0574459847744	0.0680189691789	0.073735303149	0.0920571802177	0.0327097758585	0.042510026941	-0.0152171518944	-0.0338485792969	-0.00215731888648	0.0455257277068	0.0414031770455	-0.00202353001577	0.0417258508403	0.0118709364844	-0.0266608293303	0.0360507645202	-0.015626027123	0.0013808841339	0.000915726582034	0.0143570372827	0.00707161876544	0.00335134919684	-0.000904929729371	0.00271016863654	0.0	0.0	0.0	0.0	0.0	0.0	0.0	0.0	0.0	0.0	0.0	0.0	0.0	0.0	0.0	0.0
58	-0.101552884139	0.0703985235429	0.0588833447238	0.087393698326	-0.0534378002268	0.00503331256564	0.0849644151662	0.0151851988185	0.0360192164903	0.00324137035742	-0.0107528788019	-0.00983770384367	-0.0929546306187	-0.00537409508992	0.0206194830755	-0.0378070695514	0.0426930665462	0.0538611865129	-0.00506842376629	0.0280236029918	0.00355247918943	0.0486610251432	0.0488370458078	0.015402313046	0.0234606228333	0.00343821088116	-0.0297758659852	-0.0407744639484	0.0148733666874	-0.0329427612269	-0.00525286082835	-0.00565763381344	-0.0181735217295	0.0	0.0	0.0	0.0	0.0	0.0	0.0	0.0	0.0	0.0	0.0	0.0	0.0	0.0	0.0	0.0
59	-0.312346468173	0.170668894446	0.245749565571	-0.309363385064	0.0751209210941	0.0759062203951	-0.0230838515288	0.0485574635277	-0.0313521282609	0.0662354334282	-0.0782409477988	0.00183687493506	-0.0614431913155	-0.00742190586459	-0.0664429639458	-0.0347698281483	0.0645999112614	-0.0029379709389	-0.0167401521794	0.0232775305284	0.0124420896444	-0.0145311332101	0.0061257437468	0.0298904994807	0.00193773675506	0.00740526704687	0.0163318501324	0.00472024882715	-0.0168394809136	-0.0105406538346	0.00275488266246	0.00361993077165	-0.000496350769004	0.0	0.0	0.0	0.0	0.0	0.0	0.0	0.0	0.0	0.0	0.0	0.0	0.0	0.0	0.0	0.0
60	-0.266895914324	0.354536606701	0.206870640241	-0.246975635867	0.0683267973983	-0.0176194205231	-0.162341110596	0.0494021601311	-0.108691938551	0.06114127601	0.0379005313977	0.0159182258969	0.011080754937	0.0340441708691	-0.00503692673464	0.0431260440266	-0.0313477597775	0.0325250242124	0.0302556865725	-0.020793542927	0.00543895512297	0.038479582677	0.0100205832439	-0.0164366550391	0.0102247292136	-0.00844322095494	-0.0185188294352	-0.00626619357	0.00783616458324	0.0108863696854	0.000708383904396	-0.00153177220024	0.0037897920266	0.0	0.0	0.0	0.0	0.0	0.0	0.0	0.0	0.0	0.0	0.0	0.0	0.0	0.0	0.0	0.0
61	0.0327729692191	-0.222271515253	-0.0368135043006	0.000942234499903	0.0863182729994	0.0561184606725	0.0958707077902	0.138631856232	-0.0997002939467	0.09238752515	0.0404215034915	-0.110731284485	0.0564885524359	-0.0255295717363	0.00622952563659	-0.0362334045837	-0.0153523106875	-0.00843237243804	-0.0269003061065	-0.0620703332216	0.0412168150168	0.0198816783405	-0.00777777327779	0.0159743664551	-0.011172056257	-0.00492223218662	-0.0133264855308	0.00605045559557	0.0202988889841	-0.0184745208117	0.00423456884556	-0.0052047524158	-0.0073328858544	0.0	0.0	0.0	0.0	0.0	0.0	0.0	0.0	0.0	0.0	0.0	0.0	0.0	0.0	0.0	0.0
62	0.265952200696	0.230895098646	-0.441434480766	-0.0995244128202	0.134915086495	0.471712684669	-0.118775502887	0.0586836944704	-0.0214880155105	-0.0871577062703	0.00017281308234	-0.0302936205254	-0.0456178498427	0.0344265073955	0.00978804121742	-0.0356822234003	-0.00859310047601	0.0121371797498	-0.000470100259001	0.0114598060752	-0.0192272544732	0.00117213259407	0.00189691495383	-0.004628944869	0.0105866903622	0.0120911123008	0.0141954607161	-0.000633989308989	0.00947184646535	-0.000556583994183	-0.0031855202952	-0.000838633989529	-0.000327359327082	0.0	0.0	0.0	0.0	0.0	0.0	0.0	0.0	0.0	0.0	0.0	0.0	0.0	0.0	0.0	0.0
74	-0.108132824963	0.0475771881387	0.0821064148919	0.0497429814743	-0.0134663100929	-0.0488585784611	-0.00206303565445	-0.0253274053833	0.0318092108909	0.0499987315355	0.0516133561914	-0.0310729830792	-0.0900479066151	0.0189416396324	0.0752933078282	-0.00216730120867	0.0410952164756	-0.00675383552835	-0.0409360899179	-0.00368110174499	-0.0766978572435	0.0200069097614	-0.0313112623645	-0.0221670398283	-0.00753451117006	0.0307434336782	0.00646084169865	0.0373624814638	-0.00784823316679	0.00976082314283	0.00129117826296	0.00354215916746	-0.015668728846	0.0	0.0	0.0	0.0	0.0	0.0	0.0	0.0	0.0	0.0	0.0	0.0	0.0	0.0	0.0	0.0
76	-0.063887703063	0.0839296271455	0.0537248625873	-0.0368722201644	-0.0287103474508	0.0139670861835	0.12899308441	-0.0811748299404	-0.0485715943038	-0.0468950785972	0.0537966387641	-0.0775084843091	-0.0901590592199	-0.0183589403678	-0.0297380876337	-0.00201172743726	0.00948950142085	-0.0256871294155	0.0395793774194	-0.0690669871996	0.0184683213801	-0.00333656721858	0.0285706736208	-0.0546998974596	-0.0116139717193	0.0139996113705	0.0409285237601	-0.00777109050327	0.00887164586937	0.0240821108793	0.0133718684166	-0.00887427270878	0.00497828737676	0.0	0.0	0.0	0.0	0.0	0.0	0.0	0.0	0.0	0.0	0.0	0.0	0.0	0.0	0.0	0.0

Biplot	0	0

Site constraints	0	0
